86,13632371.068,24925803.002,2.686,0.000,0.000,0.000,0.000,0.000,0.000,0.000,17,17,4*44
$GPGGA,074949.80,3135.4238499,N,12046.6676298,E,4,17,1.4,2.6922,M,8.316,M,00,0004*6E
$GPHPD,0,0.000,58.17,-0.83,-12.49,31.5903975,120.7777938,2.692,13632371.065,24925803.001,2.692,0.000,0.000,0.000,0.000,0.000,0.000,0.000,17,17,4*45
$GPGGA,074950.00,3135.4238491,N,12046.6676300,E,4,17,1.4,2.6944,M,8.316,M,01,0004*67
$GPHPD,0,0.000,58.15,-0.57,-12.49,31.5903975,120.7777938,2.694,13632371.077,24925803.008,2.694,0.000,0.000,0.000,0.000,0.000,0.000,0.000,17,17,4*44
$GPGGA,074950.20,3135.4238509,N,12046.6676303,E,4,17,1.4,2.6845,M,8.316,M,01,0004*66
$GPHPD,0,0.000,58.13,-0.83,-12.50,31.5903975,120.7777938,2.685,13632371.052,24925803.001,2.685,0.000,0.000,0.000,0.000,0.000,0.000,0.000,17,17,4*4D
$GPGGA,074950.40,3135.4238512,N,12046.6676289,E,4,17,1.4,2.6874,M,8.316,M,01,0004*6B
$GPHPD,0,0.000,58.20,-0.12,-12.51,31.5903975,120.7777938,2.687,13632371.045,24925802.983,2.687,0.000,0.000,0.000,0.000,0.000,0.000,0.000,17,17,4*40
$GPGGA,074950.60,3135.4238504,N,12046.6676295,E,4,17,1.4,2.6909,M,8.316,M,00,0004*69
$GPHPD,0,0.000,58.33,-0.52,-12.50,31.5903975,120.7777938,2.691,13632371.058,24925802.995,2.691,0.000,0.000,0.000,0.000,0.000,0.000,0.000,17,17,4*4C
$GPGGA,074950.80,3135.4238499,N,12046.6676339,E,4,17,1.4,2.6858,M,8.316,M,00,0004*60
$GPHPD,0,0.000,58.22,-0.59,-12.51,31.5903975,120.7777939,2.686,13632371.074,24925803.051,2.686,0.000,0.000,0.000,0.000,0.000,0.000,0.000,17,17,4*49
$GPGGA,074951.00,3135.4238511,N,12046.6676315,E,4,17,1.4,2.6822,M,8.316,M,01,0004*6A
$GPHPD,0,0.000,57.96,-0.13,-12.51,31.5903975,120.7777939,2.682,13632371.052,24925803.015,2.682,0.000,0.000,0.000,0.000,0.000,0.000,0.000,17,17,4*43
$GPGGA,074951.20,3135.4238494,N,12046.6676333,E,4,17,1.4,2.6900,M,8.316,M,01,0004*61
$GPHPD,0,0.000,58.18,-0.53,-12.54,31.5903975,120.7777939,2.690,13632371.079,24925803.046,2.690,0.000,0.000,0.000,0.000,0.000,0.000,0.000,17,17,4*44
$GPGGA,074951.40,3135.4238513,N,12046.6676318,E,4,17,1.4,2.6819,M,8.316,M,01,0004*69
$GPHPD,0,0.000,57.98,-0.97,-12.58,31.5903975,120.7777939,2.682,13632371.049,24925803.017,2.682,0.000,0.000,0.000,0.000,0.000,0.000,0.000,17,17,4*40
$GPGGA,074951.60,3135.4238495,N,12046.6676321,E,4,17,1.4,2.6823,M,8.316,M,00,0004*66
$GPHPD,0,0.000,58.15,-0.50,-12.61,31.5903975,120.7777939,2.682,13632371.076,24925803.031,2.682,0.000,0.000,0.000,0.000,0.000,0.000,0.000,17,17,4*43
$GPGGA,074951.80,3135.4238507,N,12046.6676303,E,4,17,1.4,2.6861,M,8.316,M,00,0004*64
$GPHPD,0,0.000,58.10,-0.59,-12.64,31.5903975,120.7777938,2.686,13632371.055,24925803.003,2.686,0.000,0.000,0.000,0.000,0.000,0.000,0.000,17,17,4*4B
$GPGGA,074952.00,3135.4238517,N,12046.6676304,E,4,17,1.4,2.6869,M,8.316,M,01,0004*60
$GPHPD,0,0.000,58.17,-0.70,-12.65,31.5903975,120.7777938,2.687,13632371.041,24925802.998,2.687,0.000,0.000,0.000,0.000,0.000,0.000,0.000,17,17,4*49
$GPGGA,074952.20,3135.4238509,N,12046.6676305,E,4,16,1.4,2.6881,M,8.316,M,01,0004*6B
$GPHPD,0,0.000,58.22,-0.69,-12.65,31.5903975,120.7777938,2.688,13632371.052,24925803.004,2.688,0.000,0.000,0.000,0.000,0.000,0.000,0.000,16,17,4*49
$GPGGA,074952.40,3135.4238507,N,12046.6676297,E,4,16,1.4,2.6917,M,8.316,M,01,0004*67
$GPHPD,0,0.000,58.13,-0.20,-12.66,31.5903975,120.7777938,2.692,13632371.054,24925802.995,2.692,0.000,0.000,0.000,0.000,0.000,0.000,0.000,16,16,4*42
$GPGGA,074952.60,3135.4238501,N,12046.6676299,E,4,16,1.4,2.6851,M,8.316,M,00,0004*6F
$GPHPD,0,0.000,58.19,-1.14,-12.65,31.5903975,120.7777938,2.685,13632371.063,24925803.001,2.685,0.000,0.000,0.000,0.000,0.000,0.000,0.000,16,16,4*4C
$GPGGA,074952.80,3135.4238519,N,12046.6676303,E,4,16,1.4,2.6822,M,8.316,M,00,0004*6E
$GPHPD,0,0.000,58.15,-0.87,-12.66,31.5903975,120.7777938,2.682,13632371.038,24925802.996,2.682,0.000,0.000,0.000,0.000,0.000,0.000,0.000,16,16,4*40
$GPGGA,074953.00,3135.4238512,N,12046.6676298,E,4,16,1.4,2.6842,M,8.316,M,01,0004*68
$GPHPD,0,0.000,58.23,-0.87,-12.66,31.5903975,120.7777938,2.684,13632371.047,24925802.994,2.684,0.000,0.000,0.000,0.000,0.000,0.000,0.000,16,16,4*4F
$GPGGA,074953.20,3135.4238513,N,12046.6676300,E,4,16,1.4,2.6840,M,8.316,M,01,0004*69
$GPHPD,0,0.000,58.26,-0.77,-12.65,31.5903975,120.7777938,2.684,13632371.046,24925802.996,2.684,0.000,0.000,0.000,0.000,0.000,0.000,0.000,16,16,4*45
$GPGGA,074953.40,3135.4238515,N,12046.6676304,E,4,16,1.4,2.6809,M,8.316,M,01,0004*60
$GPHPD,0,0.000,58.16,-1.00,-12.66,31.5903975,120.7777938,2.681,13632371.044,24925802.999,2.681,0.000,0.000,0.000,0.000,0.000,0.000,0.000,16,16,4*49
$GPGGA,074953.60,3135.4238518,N,12046.6676319,E,4,16,1.4,2.6776,M,8.316,M,00,0004*65
$GPHPD,0,0.000,58.24,-0.65,-12.67,31.5903975,120.7777939,2.678,13632371.042,24925803.016,2.678,0.000,0.000,0.000,0.000,0.000,0.000,0.000,16,16,4*43
$GPGGA,074953.80,3135.4238521,N,12046.6676336,E,4,16,1.4,2.6864,M,8.316,M,00,0004*60
$GPHPD,0,0.000,58.26,-0.39,-12.70,31.5903975,120.7777939,2.686,13632371.042,24925803.034,2.686,0.000,0.000,0.000,0.000,0.000,0.000,0.000,16,16,4*4E
$GPGGA,074954.00,3135.4238560,N,12046.6676404,E,4,16,1.4,2.6851,M,8.316,M,01,0004*6B
$GPHPD,0,0.000,58.20,-0.93,-12.81,31.5903976,120.7777940,2.685,13632371.000,24925803.094,2.685,0.000,0.000,0.000,0.000,0.000,0.000,0.000,16,16,4*47
$GPGGA,074954.20,3135.4238660,N,12046.6676574,E,4,16,1.4,2.6731,M,8.316,M,01,0004*65
$GPHPD,0,0.000,58.17,-0.56,-12.91,31.5903978,120.7777943,2.673,13632370.892,24925803.240,2.673,0.000,0.000,0.000,0.000,0.000,0.000,0.000,16,16,4*4F
$GPGGA,074954.40,3135.4238781,N,12046.6676792,E,4,16,1.4,2.6699,M,8.316,M,01,0004*64
$GPHPD,0,0.000,58.22,-0.26,-13.02,31.5903980,120.7777947,2.670,13632370.764,24925803.433,2.670,0.000,0.000,0.000,0.000,0.000,0.000,0.000,16,16,4*42
$GPGGA,074954.60,3135.4238959,N,12046.6677131,E,4,16,1.4,2.6780,M,8.316,M,00,0004*6B
$GPHPD,0,0.000,58.26,-0.15,-13.12,31.5903983,120.7777952,2.678,13632370.579,24925803.738,2.678,0.000,0.000,0.000,0.000,0.000,0.000,0.000,16,16,4*46
$GPGGA,074954.80,3135.4239204,N,12046.6677616,E,4,16,1.4,2.6784,M,8.316,M,00,0004*61
$GPHPD,0,0.000,58.30,-0.52,-13.20,31.5903987,120.7777960,2.678,13632370.328,24925804.180,2.678,0.000,0.000,0.000,0.000,0.000,0.000,0.000,16,16,4*46
$GPGGA,074955.00,3135.4239491,N,12046.6678163,E,4,16,1.4,2.6804,M,8.316,M,01,0004*6E
$GPHPD,0,0.000,58.22,-0.55,-13.34,31.5903992,120.7777969,2.680,13632370.031,24925804.673,2.680,0.000,0.000,0.000,0.000,0.000,0.000,0.000,16,16,4*4A
$GPGGA,074955.20,3135.4239894,N,12046.6678886,E,4,16,1.4,2.6788,M,8.316,M,01,0004*6C
$GPHPD,0,0.000,58.23,-0.35,-13.61,31.5903998,120.7777981,2.679,13632369.603,24925805.310,2.679,0.000,0.000,0.000,0.000,0.000,0.000,0.000,16,16,4*4F
$GPGGA,074955.40,3135.4240400,N,12046.6679861,E,4,17,1.4,2.6797,M,8.316,M,01,0004*62
$GPHPD,0,0.000,58.30,-0.56,-13.90,31.5904007,120.7777998,2.680,13632369.080,24925806.191,2.680,0.000,0.000,0.000,0.000,0.000,0.000,0.000,17,17,4*43
$GPGGA,074955.60,3135.4241006,N,12046.6681138,E,4,17,1.4,2.6673,M,8.316,M,00,0004*6B
$GPHPD,0,0.000,58.34,-0.51,-14.13,31.5904017,120.7778019,2.667,13632368.476,24925807.379,2.667,0.000,0.000,0.000,0.000,0.000,0.000,0.000,17,17,4*4B
$GPGGA,074955.80,3135.4241772,N,12046.6682629,E,4,17,1.4,2.6774,M,8.316,M,00,0004*63
$GPHPD,0,0.000,58.32,-0.17,-14.31,31.5904030,120.7778044,2.677,13632367.687,24925808.731,2.677,0.000,0.000,0.000,0.000,0.000,0.000,0.000,17,17,4*46
$GPGGA,074956.00,3135.4242650,N,12046.6684319,E,4,16,1.4,2.6701,M,8.316,M,01,0004*68
$GPHPD,0,0.000,58.19,-1.07,-14.42,31.5904044,120.7778072,2.670,13632366.780,24925810.258,2.670,0.000,0.000,0.000,0.000,0.000,0.000,0.000,16,16,4*49
$GPGGA,074956.20,3135.4243573,N,12046.6686174,E,4,16,1.4,2.6610,M,8.316,M,01,0004*63
$GPHPD,0,0.000,58.43,-0.94,-14.42,31.5904060,120.7778103,2.661,13632365.841,24925811.958,2.661,0.000,0.000,0.000,0.000,0.000,0.000,0.000,16,16,4*47
$GPGGA,074956.40,3135.4244565,N,12046.6688127,E,4,16,1.4,2.6636,M,8.316,M,01,0004*69
$GPHPD,0,0.000,58.63,-0.41,-14.46,31.5904076,120.7778135,2.664,13632364.824,24925813.735,2.664,0.000,0.000,0.000,0.000,0.000,0.000,0.000,16,16,4*4E
$GPGGA,074956.60,3135.4245577,N,12046.6690201,E,4,16,1.4,2.6630,M,8.316,M,01,0004*61
$GPHPD,0,0.000,58.75,-0.70,-14.46,31.5904093,120.7778170,2.663,13632363.803,24925815.648,2.663,0.000,0.000,0.000,0.000,0.000,0.000,0.000,16,16,4*4E
$GPGGA,074956.80,3135.4246613,N,12046.6692295,E,4,16,1.4,2.6548,M,8.316,M,01,0004*6E
$GPHPD,0,0.000,58.71,-0.70,-14.43,31.5904110,120.7778205,2.655,13632362.752,24925817.570,2.655,0.000,0.000,0.000,0.000,0.000,0.000,0.000,16,16,4*44
$GPGGA,074957.00,3135.4247712,N,12046.6694454,E,4,16,1.4,2.6449,M,8.316,M,02,0004*68
$GPHPD,0,0.000,59.03,-0.22,-14.47,31.5904129,120.7778241,2.645,13632361.624,24925819.534,2.645,0.000,0.000,0.000,0.000,0.000,0.000,0.000,16,16,4*44
$GPGGA,074957.20,3135.4248834,N,12046.6696692,E,4,16,1.4,2.6488,M,8.316,M,02,0004*69
$GPHPD,0,0.000,59.01,0.38,-14.48,31.5904147,120.7778278,2.649,13632360.480,24925821.579,2.649,0.000,0.000,0.000,0.000,0.000,0.000,0.000,16,16,4*62
$GPGGA,074957.40,3135.4250015,N,12046.6699019,E,4,16,1.4,2.6433,M,8.316,M,02,0004*67
$GPHPD,0,0.000,58.78,-0.40,-14.53,31.5904167,120.7778317,2.643,13632359.270,24925823.698,2.643,0.000,0.000,0.000,0.000,0.000,0.000,0.000,16,16,4*42
$GPGGA,074957.60,3135.4251238,N,12046.6701444,E,4,16,1.4,2.6464,M,8.316,M,02,0004*67
$GPHPD,0,0.000,58.89,-0.07,-14.56,31.5904187,120.7778357,2.646,13632358.020,24925825.911,2.646,0.000,0.000,0.000,0.000,0.000,0.000,0.000,16,16,4*4E
$GPGGA,074957.80,3135.4252548,N,12046.6703983,E,4,16,1.4,2.6485,M,8.316,M,02,0004*61
$GPHPD,0,0.000,58.77,0.24,-14.60,31.5904209,120.7778400,2.649,13632356.669,24925828.210,2.649,0.000,0.000,0.000,0.000,0.000,0.000,0.000,16,16,4*64
$GPGGA,074958.00,3135.4253885,N,12046.6706602,E,4,16,1.4,2.6411,M,8.316,M,03,0004*64
$GPHPD,0,0.000,58.85,-0.33,-14.68,31.5904231,120.7778443,2.641,13632355.295,24925830.590,2.641,0.000,0.000,0.000,0.000,0.000,0.000,0.000,16,16,4*44
$GPGGA,074958.20,3135.4255286,N,12046.6709421,E,4,16,1.4,2.6465,M,8.316,M,03,0004*66
$GPHPD,0,0.000,58.74,-0.17,-14.71,31.5904255,120.7778490,2.647,13632353.871,24925833.174,2.647,0.000,0.000,0.000,0.000,0.000,0.000,0.000,16,16,4*43
$GPGGA,074958.40,3135.4256753,N,12046.6712292,E,4,16,1.4,2.6468,M,8.316,M,03,0004*67
$GPHPD,0,0.000,58.42,-0.73,-14.76,31.5904279,120.7778538,2.647,13632352.364,24925835.783,2.647,0.000,0.000,0.000,0.000,0.000,0.000,0.000,16,16,4*48
$GPGGA,074958.60,3135.4258278,N,12046.6715263,E,4,16,1.8,2.6394,M,8.316,M,03,0004*66
$GPHPD,0,0.000,58.37,-0.68,-14.76,31.5904305,120.7778588,2.639,13632350.794,24925838.478,2.639,0.000,0.000,0.000,0.000,0.000,0.000,0.000,16,16,4*42
$GPGGA,074958.80,3135.4259856,N,12046.6718300,E,4,16,1.4,2.6285,M,8.316,M,00,0004*68
$GPHPD,0,0.000,58.42,-0.31,-14.77,31.5904331,120.7778638,2.629,13632349.163,24925841.222,2.629,0.000,0.000,0.000,0.000,0.000,0.000,0.000,16,16,4*43
$GPGGA,074959.00,3135.4261468,N,12046.6721415,E,4,16,1.4,2.6350,M,8.316,M,01,0004*6A
$GPHPD,0,0.000,58.22,-0.31,-14.75,31.5904358,120.7778690,2.635,13632347.498,24925844.040,2.635,0.000,0.000,0.000,0.000,0.000,0.000,0.000,16,16,4*46
$GPGGA,074959.20,3135.4263105,N,12046.6724561,E,4,16,1.4,2.6381,M,8.316,M,01,0004*6F
$GPHPD,0,0.000,57.99,-0.05,-14.75,31.5904385,120.7778743,2.638,13632345.805,24925846.881,2.638,0.000,0.000,0.000,0.000,0.000,0.000,0.000,16,16,4*4C
$GPGGA,074959.40,3135.4264804,N,12046.6727764,E,4,16,1.4,2.6322,M,8.316,M,01,0004*6B
$GPHPD,0,0.000,57.88,-0.28,-14.68,31.5904413,120.7778796,2.632,13632344.035,24925849.755,2.632,0.000,0.000,0.000,0.000,0.000,0.000,0.000,16,16,4*4C
$GPGGA,074959.60,3135.4266495,N,12046.6730968,E,4,16,1.4,2.6310,M,8.316,M,00,0004*6B
$GPHPD,0,0.000,58.07,0.03,-14.57,31.5904442,120.7778849,2.631,13632342.276,24925852.634,2.631,0.000,0.000,0.000,0.000,0.000,0.000,0.000,16,16,4*6A
$GPGGA,074959.80,3135.4268140,N,12046.6734178,E,4,16,1.4,2.6393,M,8.316,M,00,0004*60
$GPHPD,0,0.000,57.92,-0.02,-14.47,31.5904469,120.7778903,2.639,13632340.584,24925855.548,2.639,0.000,0.000,0.000,0.000,0.000,0.000,0.000,16,16,4*45
$GPGGA,075000.00,3135.4269820,N,12046.6737334,E,4,16,1.4,2.6403,M,8.316,M,01,0004*64
$GPHPD,0,0.000,57.86,0.34,-14.38,31.5904497,120.7778956,2.640,13632338.831,24925858.376,2.640,0.000,0.000,0.000,0.000,0.000,0.000,0.000,16,16,4*6B
$GPGGA,075000.20,3135.4271504,N,12046.6740483,E,4,16,1.4,2.6462,M,8.316,M,01,0004*68
$GPHPD,0,0.000,57.55,0.02,-14.29,31.5904525,120.7779008,2.646,13632337.071,24925861.193,2.646,0.000,0.000,0.000,0.000,0.000,0.000,0.000,16,16,4*6B
$GPGGA,075000.40,3135.4273190,N,12046.6743611,E,4,16,1.4,2.6423,M,8.316,M,01,0004*6A
$GPHPD,0,0.000,57.53,-0.84,-14.19,31.5904553,120.7779060,2.642,13632335.304,24925863.984,2.642,0.000,0.000,0.000,0.000,0.000,0.000,0.000,16,17,4*4C
$GPGGA,075000.60,3135.4274858,N,12046.6746691,E,4,16,1.4,2.6326,M,8.316,M,00,0004*6C
$GPHPD,0,0.000,57.49,-0.76,-14.13,31.5904581,120.7779112,2.633,13632333.553,24925866.727,2.633,0.000,0.000,0.000,0.000,0.000,0.000,0.000,16,17,4*4B
$GPGGA,075000.80,3135.4276500,N,12046.6749802,E,4,16,1.8,2.6267,M,8.316,M,00,0004*63
$GPHPD,0,0.000,57.23,-0.19,-14.07,31.5904608,120.7779163,2.627,13632331.846,24925869.523,2.627,0.000,0.000,0.000,0.000,0.000,0.000,0.000,16,17,4*4D
$GPGGA,075001.00,3135.4278115,N,12046.6752872,E,4,16,1.4,2.6323,M,8.316,M,01,0004*65
$GPHPD,0,0.000,57.22,-0.52,-13.94,31.5904635,120.7779215,2.632,13632330.168,24925872.285,2.632,0.000,0.000,0.000,0.000,0.000,0.000,0.000,16,17,4*47
$GPGGA,075001.20,3135.4279721,N,12046.6755929,E,4,16,1.4,2.6207,M,8.316,M,01,0004*68
$GPHPD,0,0.000,57.39,-0.61,-13.87,31.5904662,120.7779265,2.621,13632328.501,24925875.037,2.621,0.000,0.000,0.000,0.000,0.000,0.000,0.000,16,17,4*44
$GPGGA,075001.40,3135.4281331,N,12046.6758964,E,4,17,1.4,2.6177,M,8.316,M,01,0004*6D
$GPHPD,0,0.000,57.78,0.36,-13.86,31.5904689,120.7779316,2.618,13632326.823,24925877.760,2.618,0.000,0.000,0.000,0.000,0.000,0.000,0.000,17,17,4*6A
$GPGGA,075001.60,3135.4282904,N,12046.6762013,E,4,17,1.4,2.6287,M,8.316,M,00,0004*6D
$GPHPD,0,0.000,58.12,-0.06,-13.81,31.5904715,120.7779367,2.629,13632325.201,24925880.521,2.629,0.000,0.000,0.000,0.000,0.000,0.000,0.000,17,17,4*44
$GPGGA,075001.80,3135.4284461,N,12046.6765082,E,4,18,1.4,2.6220,M,8.316,M,00,0004*66
$GPHPD,0,0.000,58.35,0.40,-13.78,31.5904741,120.7779418,2.622,13632323.606,24925883.316,2.622,0.000,0.000,0.000,0.000,0.000,0.000,0.000,18,17,4*6D
$GPGGA,075002.00,3135.4286008,N,12046.6768127,E,4,18,1.4,2.6115,M,8.316,M,01,0004*63
$GPHPD,0,0.000,58.64,0.06,-13.74,31.5904767,120.7779469,2.612,13632322.019,24925886.088,2.612,0.000,0.000,0.000,0.000,0.000,0.000,0.000,18,17,4*6D
$GPGGA,075002.20,3135.4287525,N,12046.6771146,E,4,18,1.4,2.6203,M,8.316,M,01,0004*61
$GPHPD,0,0.000,58.71,0.12,-13.71,31.5904792,120.7779519,2.620,13632320.471,24925888.845,2.620,0.000,0.000,0.000,0.000,0.000,0.000,0.000,18,17,4*6A
$GPGGA,075002.40,3135.4289039,N,12046.6774162,E,4,18,1.4,2.6224,M,8.316,M,01,0004*67
$GPHPD,0,0.000,58.89,-0.36,-13.67,31.5904817,120.7779569,2.622,13632318.926,24925891.601,2.622,0.000,0.000,0.000,0.000,0.000,0.000,0.000,18,17,4*46
$GPGGA,075002.60,3135.4290543,N,12046.6777187,E,4,18,1.4,2.6126,M,8.316,M,01,0004*6C
$GPHPD,0,0.000,58.98,-0.90,-13.61,31.5904842,120.7779620,2.613,13632317.397,24925894.374,2.613,0.000,0.000,0.000,0.000,0.000,0.000,0.000,18,17,4*4F
$GPGGA,075002.80,3135.4292008,N,12046.6780213,E,4,18,1.4,2.6135,M,8.316,M,00,0004*6F
$GPHPD,0,0.000,59.38,0.04,-13.58,31.5904867,120.7779670,2.614,13632315.924,24925897.170,2.614,0.000,0.000,0.000,0.000,0.000,0.000,0.000,18,17,4*69
$GPGGA,075003.00,3135.4293493,N,12046.6783259,E,4,18,1.4,2.6017,M,8.316,M,01,0004*6C
$GPHPD,0,0.000,59.30,0.17,-13.53,31.5904892,120.7779721,2.602,13632314.426,24925899.979,2.602,0.000,0.000,0.000,0.000,0.000,0.000,0.000,18,17,4*66
$GPGGA,075003.20,3135.4294939,N,12046.6786206,E,4,18,1.4,2.6070,M,8.316,M,01,0004*6A
$GPHPD,0,0.000,59.44,-0.30,-13.51,31.5904916,120.7779770,2.607,13632312.964,24925902.691,2.607,0.000,0.000,0.000,0.000,0.000,0.000,0.000,18,17,4*41
$GPGGA,075003.40,3135.4296383,N,12046.6789197,E,4,18,1.4,2.6116,M,8.316,M,01,0004*60
$GPHPD,0,0.000,59.73,0.79,-13.48,31.5904940,120.7779820,2.612,13632311.513,24925905.458,2.612,0.000,0.000,0.000,0.000,0.000,0.000,0.000,18,17,4*6B
$GPGGA,075003.60,3135.4297833,N,12046.6792160,E,4,18,1.4,2.5968,M,8.316,M,01,0004*63
$GPHPD,0,0.000,59.71,0.29,-13.45,31.5904964,120.7779869,2.597,13632310.049,24925908.187,2.597,0.000,0.000,0.000,0.000,0.000,0.000,0.000,18,17,4*6B
$GPGGA,075003.80,3135.4299270,N,12046.6795100,E,4,18,1.4,2.5979,M,8.316,M,01,0004*6F
$GPHPD,0,0.000,59.85,1.08,-13.41,31.5904988,120.7779918,2.598,13632308.598,24925910.896,2.598,0.000,0.000,0.000,0.000,0.000,0.000,0.000,18,16,4*62
$GPGGA,075004.00,3135.4300676,N,12046.6798056,E,4,18,1.4,2.6086,M,8.317,M,02,0004*64
$GPHPD,0,0.000,59.79,1.42,-13.35,31.5905011,120.7779968,2.609,13632307.194,24925913.642,2.609,0.000,0.000,0.000,0.000,0.000,0.000,0.000,18,16,4*60
$GPGGA,075004.20,3135.4302118,N,12046.6800954,E,4,18,1.4,2.6092,M,8.317,M,02,0004*6B
$GPHPD,0,0.000,59.89,1.80,-13.31,31.5905035,120.7780016,2.609,13632305.728,24925916.298,2.609,0.000,0.000,0.000,0.000,0.000,0.000,0.000,18,16,4*60
$GPGGA,075004.40,3135.4303491,N,12046.6803865,E,4,18,1.4,2.6325,M,8.317,M,02,0004*67
$GPHPD,0,0.000,60.04,1.31,-13.26,31.5905058,120.7780064,2.633,13632304.362,24925919.009,2.633,0.000,0.000,0.000,0.000,0.000,0.000,0.000,18,16,4*63
$GPGGA,075004.60,3135.4304895,N,12046.6806761,E,4,18,1.4,2.6320,M,8.317,M,02,0004*61
$GPHPD,0,0.000,60.03,-0.77,-13.23,31.5905082,120.7780113,2.632,13632302.950,24925921.684,2.632,0.000,0.000,0.000,0.000,0.000,0.000,0.000,18,16,4*4C
$GPGGA,075004.80,3135.4306260,N,12046.6809654,E,4,18,1.4,2.6347,M,8.317,M,00,0004*66
$GPHPD,0,0.000,60.26,-0.97,-13.17,31.5905104,120.7780161,2.635,13632301.592,24925924.378,2.635,0.000,0.000,0.000,0.000,0.000,0.000,0.000,18,16,4*4A
$GPGGA,075005.00,3135.4307592,N,12046.6812492,E,4,18,1.4,2.6273,M,8.317,M,01,0004*61
$GPHPD,0,0.000,60.15,-1.04,-13.16,31.5905127,120.7780208,2.627,13632300.270,24925927.025,2.627,0.000,0.000,0.000,0.000,0.000,0.000,0.000,18,16,4*4F
$GPGGA,075005.20,3135.4308938,N,12046.6815299,E,4,17,1.4,2.6126,M,8.317,M,01,0004*66
$GPHPD,0,0.000,60.20,-0.72,-13.13,31.5905149,120.7780255,2.613,13632298.922,24925929.627,2.613,0.000,0.000,0.000,0.000,0.000,0.000,0.000,17,16,4*45
$GPGGA,075005.40,3135.4310266,N,12046.6818069,E,4,18,1.4,2.5999,M,8.317,M,01,0004*69
$GPHPD,0,0.000,60.17,-0.93,-13.11,31.5905171,120.7780301,2.600,13632297.591,24925932.194,2.600,0.000,0.000,0.000,0.000,0.000,0.000,0.000,18,16,4*46
$GPGGA,075005.60,3135.4311586,N,12046.6820839,E,4,17,1.4,2.6096,M,8.317,M,00,0004*6E
$GPHPD,0,0.000,59.99,-0.26,-13.07,31.5905193,120.7780347,2.610,13632296.273,24925934.766,2.610,0.000,0.000,0.000,0.000,0.000,0.000,0.000,17,15,4*46
$GPGGA,075005.80,3135.4312901,N,12046.6823534,E,4,17,1.4,2.6019,M,8.317,M,00,0004*64
$GPHPD,0,0.000,59.80,0.66,-13.03,31.5905215,120.7780392,2.602,13632294.946,24925937.251,2.602,0.000,0.000,0.000,0.000,0.000,0.000,0.000,17,15,4*6B
$GPGGA,075006.00,3135.4314198,N,12046.6826172,E,4,17,1.4,2.6038,M,8.317,M,01,0004*60
$GPHPD,0,0.000,59.69,0.04,-12.97,31.5905237,120.7780436,2.604,13632293.633,24925939.677,2.604,0.000,0.000,0.000,0.000,0.000,0.000,0.000,17,15,4*69
$GPGGA,075006.20,3135.4315496,N,12046.6828793,E,4,17,1.4,2.6053,M,8.317,M,01,0004*62
$GPHPD,0,0.000,59.72,0.92,-12.92,31.5905258,120.7780480,2.605,13632292.316,24925942.083,2.605,0.000,0.000,0.000,0.000,0.000,0.000,0.000,17,15,4*6F
$GPGGA,075006.40,3135.4316751,N,12046.6831401,E,4,17,1.4,2.6187,M,8.317,M,01,0004*67
$GPHPD,0,0.000,59.95,0.99,-12.87,31.5905279,120.7780523,2.619,13632291.057,24925944.497,2.619,0.000,0.000,0.000,0.000,0.000,0.000,0.000,17,15,4*60
$GPGGA,075006.60,3135.4317996,N,12046.6833947,E,4,17,1.4,2.6311,M,8.317,M,00,0004*60
$GPHPD,0,0.000,59.58,0.14,-12.86,31.5905300,120.7780566,2.631,13632289.800,24925946.843,2.631,0.000,0.000,0.000,0.000,0.000,0.000,0.000,17,15,4*6F
$GPGGA,075006.80,3135.4319216,N,12046.6836454,E,4,17,1.4,2.6139,M,8.317,M,00,0004*61
$GPHPD,0,0.000,59.46,-0.67,-12.86,31.5905320,120.7780608,2.614,13632288.570,24925949.156,2.614,0.000,0.000,0.000,0.000,0.000,0.000,0.000,17,15,4*49
$GPGGA,075007.00,3135.4320418,N,12046.6838904,E,4,17,1.4,2.6113,M,8.317,M,01,0004*65
$GPHPD,0,0.000,59.38,-0.30,-12.84,31.5905340,120.7780648,2.611,13632287.355,24925951.411,2.611,0.000,0.000,0.000,0.000,0.000,0.000,0.000,17,15,4*43
$GPGGA,075007.20,3135.4321600,N,12046.6841308,E,4,17,1.4,2.6288,M,8.317,M,01,0004*64
$GPHPD,0,0.000,59.50,0.65,-12.82,31.5905360,120.7780688,2.629,13632286.159,24925953.622,2.629,0.000,0.000,0.000,0.000,0.000,0.000,0.000,17,15,4*67
$GPGGA,075007.40,3135.4322805,N,12046.6843663,E,4,18,1.4,2.6088,M,8.317,M,01,0004*6D
$GPHPD,0,0.000,59.26,-0.48,-12.78,31.5905380,120.7780728,2.609,13632284.920,24925955.760,2.609,0.000,0.000,0.000,0.000,0.000,0.000,0.000,18,17,4*4C
$GPGGA,075007.60,3135.4323928,N,12046.6845948,E,4,18,1.4,2.6117,M,8.317,M,00,0004*66
$GPHPD,0,0.000,59.01,-0.07,-12.73,31.5905399,120.7780766,2.612,13632283.784,24925957.862,2.612,0.000,0.000,0.000,0.000,0.000,0.000,0.000,18,17,4*43
$GPGGA,075007.80,3135.4325049,N,12046.6848196,E,4,18,1.4,2.6246,M,8.317,M,00,0004*61
$GPHPD,0,0.000,59.08,-0.12,-12.68,31.5905417,120.7780803,2.625,13632282.643,24925959.921,2.625,0.000,0.000,0.000,0.000,0.000,0.000,0.000,18,17,4*4A
$GPGGA,075008.00,3135.4326131,N,12046.6850378,E,4,18,1.4,2.6211,M,8.317,M,01,0004*63
$GPHPD,0,0.000,58.74,-0.58,-12.56,31.5905436,120.7780840,2.621,13632281.544,24925961.922,2.621,0.000,0.000,0.000,0.000,0.000,0.000,0.000,18,16,4*49
$GPGGA,075008.20,3135.4327220,N,12046.6852481,E,4,18,1.4,2.6115,M,8.317,M,01,0004*67
$GPHPD,0,0.000,58.89,-0.04,-12.51,31.5905454,120.7780875,2.612,13632280.419,24925963.824,2.612,0.000,0.000,0.000,0.000,0.000,0.000,0.000,18,17,4*4B
$GPGGA,075008.40,3135.4328169,N,12046.6854511,E,4,18,1.4,2.6361,M,8.317,M,01,0004*6F
$GPHPD,0,0.000,59.21,0.79,-12.46,31.5905469,120.7780909,2.636,13632279.479,24925965.720,2.636,0.000,0.000,0.000,0.000,0.000,0.000,0.000,18,17,4*60
$GPGGA,075008.60,3135.4329210,N,12046.6856497,E,4,17,1.6,2.6128,M,8.317,M,00,0004*6F
$GPHPD,0,0.000,59.03,0.73,-12.42,31.5905487,120.7780942,2.613,13632278.399,24925967.509,2.613,0.000,0.000,0.000,0.000,0.000,0.000,0.000,17,16,4*6C
$GPGGA,075008.80,3135.4330193,N,12046.6858423,E,4,17,1.6,2.6088,M,8.317,M,00,0004*6B
$GPHPD,0,0.000,59.17,0.40,-12.39,31.5905503,120.7780974,2.609,13632277.389,24925969.260,2.609,0.000,0.000,0.000,0.000,0.000,0.000,0.000,17,16,4*65
$GPGGA,075009.00,3135.4331115,N,12046.6860300,E,4,17,1.6,2.6197,M,8.317,M,01,0004*6E
$GPHPD,0,0.000,59.41,0.98,-12.35,31.5905519,120.7781005,2.620,13632276.457,24925970.986,2.620,0.000,0.000,0.000,0.000,0.000,0.000,0.000,17,16,4*64
$GPGGA,075009.20,3135.4331990,N,12046.6862061,E,4,17,1.6,2.6158,M,8.317,M,01,0004*6C
$GPHPD,0,0.000,59.10,0.25,-12.29,31.5905533,120.7781034,2.616,13632275.567,24925972.601,2.616,0.000,0.000,0.000,0.000,0.000,0.000,0.000,17,16,4*62
$GPGGA,075009.40,3135.4332853,N,12046.6863840,E,4,17,1.6,2.6122,M,8.317,M,01,0004*60
$GPHPD,0,0.000,59.34,0.54,-12.21,31.5905548,120.7781064,2.612,13632274.699,24925974.244,2.612,0.000,0.000,0.000,0.000,0.000,0.000,0.000,17,16,4*63
$GPGGA,075009.60,3135.4333680,N,12046.6865522,E,4,17,1.4,2.6360,M,8.317,M,00,0004*6B
$GPHPD,0,0.000,59.45,1.75,-12.20,31.5905561,120.7781092,2.636,13632273.862,24925975.791,2.636,0.000,0.000,0.000,0.000,0.000,0.000,0.000,17,16,4*65
$GPGGA,075009.80,3135.4334486,N,12046.6867116,E,4,17,1.4,2.6329,M,8.317,M,00,0004*6A
$GPHPD,0,0.000,59.10,0.93,-12.17,31.5905575,120.7781119,2.633,13632273.037,24925977.244,2.633,0.000,0.000,0.000,0.000,0.000,0.000,0.000,17,16,4*68
$GPGGA,075010.00,3135.4335305,N,12046.6868686,E,4,17,1.4,2.6318,M,8.317,M,01,0004*65
$GPHPD,0,0.000,59.06,1.19,-12.12,31.5905588,120.7781145,2.632,13632272.189,24925978.661,2.632,0.000,0.000,0.000,0.000,0.000,0.000,0.000,17,16,4*6B
$GPGGA,075010.20,3135.4336042,N,12046.6870213,E,4,17,1.4,2.6488,M,8.317,M,01,0004*6B
$GPHPD,0,0.000,58.85,0.70,-12.10,31.5905601,120.7781170,2.649,13632271.449,24925980.073,2.649,0.000,0.000,0.000,0.000,0.000,0.000,0.000,17,16,4*61
$GPGGA,075010.40,3135.4336803,N,12046.6871628,E,4,17,1.4,2.6486,M,8.317,M,01,0004*63
$GPHPD,0,0.000,58.60,0.27,-12.05,31.5905613,120.7781194,2.649,13632270.652,24925981.336,2.649,0.000,0.000,0.000,0.000,0.000,0.000,0.000,17,16,4*6F
$GPGGA,075010.60,3135.4337466,N,12046.6873002,E,4,17,1.4,2.6618,M,8.317,M,00,0004*67
$GPHPD,0,0.000,58.55,0.34,-12.00,31.5905624,120.7781217,2.662,13632269.986,24925982.607,2.662,0.000,0.000,0.000,0.000,0.000,0.000,0.000,17,16,4*68
$GPGGA,075010.80,3135.4338131,N,12046.6874262,E,4,17,1.4,2.6612,M,8.317,M,00,0004*68
$GPHPD,0,0.000,58.04,-0.12,-11.93,31.5905636,120.7781238,2.661,13632269.294,24925983.740,2.661,0.000,0.000,0.000,0.000,0.000,0.000,0.000,17,16,4*49
$GPGGA,075011.00,3135.4338772,N,12046.6875451,E,4,17,1.4,2.6484,M,8.317,M,01,0004*6B
$GPHPD,0,0.000,57.82,-0.50,-11.87,31.5905646,120.7781258,2.648,13632268.623,24925984.801,2.648,0.000,0.000,0.000,0.000,0.000,0.000,0.000,17,16,4*4E
$GPGGA,075011.20,3135.4339391,N,12046.6876593,E,4,17,1.4,2.6372,M,8.317,M,01,0004*63
$GPHPD,0,0.000,57.57,-0.87,-11.84,31.5905657,120.7781277,2.637,13632267.973,24925985.817,2.637,0.000,0.000,0.000,0.000,0.000,0.000,0.000,17,15,4*42
$GPGGA,075011.40,3135.4339961,N,12046.6877686,E,4,17,1.4,2.6519,M,8.317,M,01,0004*6D
$GPHPD,0,0.000,57.65,-0.23,-11.83,31.5905666,120.7781295,2.652,13632267.382,24925986.804,2.652,0.000,0.000,0.000,0.000,0.000,0.000,0.000,17,15,4*41
$GPGGA,075011.60,3135.4340494,N,12046.6878681,E,4,17,1.4,2.6426,M,8.317,M,00,0004*62
$GPHPD,0,0.000,57.44,-0.45,-11.81,31.5905675,120.7781311,2.643,13632266.825,24925987.693,2.643,0.000,0.000,0.000,0.000,0.000,0.000,0.000,17,15,4*49
$GPGGA,075011.80,3135.4340983,N,12046.6879584,E,4,17,1.4,2.6460,M,8.317,M,00,0004*62
$GPHPD,0,0.000,57.33,-0.44,-11.75,31.5905683,120.7781326,2.646,13632266.312,24925988.498,2.646,0.000,0.000,0.000,0.000,0.000,0.000,0.000,17,15,4*47
$GPGGA,075012.00,3135.4341423,N,12046.6880465,E,4,17,1.4,2.6462,M,8.317,M,01,0004*64
$GPHPD,0,0.000,57.19,-0.14,-11.69,31.5905690,120.7781341,2.646,13632265.864,24925989.304,2.646,0.000,0.000,0.000,0.000,0.000,0.000,0.000,17,15,4*4E
$GPGGA,075012.20,3135.4341844,N,12046.6881214,E,4,17,1.4,2.6523,M,8.317,M,01,0004*6E
$GPHPD,0,0.000,57.07,-0.36,-11.66,31.5905697,120.7781354,2.652,13632265.416,24925989.962,2.652,0.000,0.000,0.000,0.000,0.000,0.000,0.000,17,15,4*4E
$GPGGA,075012.40,3135.4342243,N,12046.6881906,E,4,17,1.4,2.6288,M,8.317,M,01,0004*68
$GPHPD,0,0.000,56.98,-0.39,-11.63,31.5905704,120.7781365,2.629,13632264.988,24925990.564,2.629,0.000,0.000,0.000,0.000,0.000,0.000,0.000,17,15,4*43
$GPGGA,075012.60,3135.4342603,N,12046.6882531,E,4,16,1.6,2.6185,M,8.317,M,00,0004*6D
$GPHPD,0,0.000,56.92,0.20,-11.62,31.5905710,120.7781376,2.619,13632264.602,24925991.109,2.619,0.000,0.000,0.000,0.000,0.000,0.000,0.000,16,15,4*68
$GPGGA,075012.80,3135.4342947,N,12046.6883108,E,4,17,1.6,2.6293,M,8.317,M,00,0004*66
$GPHPD,0,0.000,56.95,0.81,-11.63,31.5905716,120.7781385,2.629,13632264.229,24925991.604,2.629,0.000,0.000,0.000,0.000,0.000,0.000,0.000,17,16,4*6A
$GPGGA,075013.00,3135.4343245,N,12046.6883702,E,4,17,1.6,2.6225,M,8.317,M,01,0004*67
$GPHPD,0,0.000,56.72,0.05,-11.64,31.5905721,120.7781395,2.623,13632263.925,24925992.147,2.623,0.000,0.000,0.000,0.000,0.000,0.000,0.000,17,16,4*6E
$GPGGA,075013.20,3135.4343533,N,12046.6884245,E,4,17,1.6,2.6292,M,8.317,M,01,0004*6E
$GPHPD,0,0.000,56.64,0.46,-11.64,31.5905726,120.7781404,2.629,13632263.625,24925992.634,2.629,0.000,0.000,0.000,0.000,0.000,0.000,0.000,17,16,4*6A
$GPGGA,075013.40,3135.4343818,N,12046.6884749,E,4,18,1.6,2.6271,M,8.317,M,01,0004*67
$GPHPD,0,0.000,56.50,0.19,-11.66,31.5905730,120.7781412,2.627,13632263.322,24925993.076,2.627,0.000,0.000,0.000,0.000,0.000,0.000,0.000,18,17,4*68
$GPGGA,075013.60,3135.4344100,N,12046.6885231,E,4,18,1.6,2.6158,M,8.317,M,00,0004*60
$GPHPD,0,0.000,56.28,-0.24,-11.68,31.5905735,120.7781421,2.616,13632263.018,24925993.493,2.616,0.000,0.000,0.000,0.000,0.000,0.000,0.000,18,17,4*4A
$GPGGA,075013.80,3135.4344349,N,12046.6885711,E,4,18,1.6,2.6189,M,8.317,M,00,0004*6A
$GPHPD,0,0.000,56.37,0.48,-11.72,31.5905739,120.7781429,2.619,13632262.760,24925993.927,2.619,0.000,0.000,0.000,0.000,0.000,0.000,0.000,18,17,4*67
$GPGGA,075014.00,3135.4344588,N,12046.6886140,E,4,18,1.6,2.6226,M,8.317,M,01,0004*68
$GPHPD,0,0.000,56.30,0.57,-11.75,31.5905743,120.7781436,2.623,13632262.507,24925994.305,2.623,0.000,0.000,0.000,0.000,0.000,0.000,0.000,18,17,4*64
$GPGGA,075014.20,3135.4344814,N,12046.6886572,E,4,18,1.4,2.6369,M,8.317,M,01,0004*6F
$GPHPD,0,0.000,56.41,0.78,-11.79,31.5905747,120.7781443,2.637,13632262.273,24925994.695,2.637,0.000,0.000,0.000,0.000,0.000,0.000,0.000,18,16,4*6C
$GPGGA,075014.40,3135.4345066,N,12046.6887025,E,4,18,1.4,2.6250,M,8.317,M,01,0004*68
$GPHPD,0,0.000,56.47,0.37,-11.82,31.5905751,120.7781450,2.625,13632262.006,24925995.094,2.625,0.000,0.000,0.000,0.000,0.000,0.000,0.000,18,17,4*67
$GPGGA,075014.60,3135.4345305,N,12046.6887428,E,4,18,1.4,2.6249,M,8.317,M,00,0004*6C
$GPHPD,0,0.000,56.38,0.49,-11.85,31.5905755,120.7781457,2.625,13632261.747,24925995.441,2.625,0.000,0.000,0.000,0.000,0.000,0.000,0.000,18,17,4*6F
$GPGGA,075014.80,3135.4345521,N,12046.6887833,E,4,18,1.4,2.6301,M,8.317,M,00,0004*69
$GPHPD,0,0.000,56.63,0.67,-11.90,31.5905759,120.7781464,2.630,13632261.522,24925995.804,2.630,0.000,0.000,0.000,0.000,0.000,0.000,0.000,18,17,4*69
$GPGGA,075015.00,3135.4345758,N,12046.6888268,E,4,18,1.4,2.6254,M,8.317,M,01,0004*67
$GPHPD,0,0.000,56.61,0.77,-12.00,31.5905763,120.7781471,2.625,13632261.272,24925996.191,2.625,0.000,0.000,0.000,0.000,0.000,0.000,0.000,18,16,4*68
$GPGGA,075015.20,3135.4346010,N,12046.6888753,E,4,18,1.4,2.6303,M,8.317,M,01,0004*63
$GPHPD,0,0.000,56.80,0.65,-12.10,31.5905767,120.7781479,2.630,13632261.012,24925996.629,2.630,0.000,0.000,0.000,0.000,0.000,0.000,0.000,18,18,4*67
$GPGGA,075015.40,3135.4346297,N,12046.6889292,E,4,18,1.4,2.6299,M,8.317,M,01,0004*63
$GPHPD,0,0.000,56.71,0.26,-12.22,31.5905772,120.7781488,2.630,13632260.712,24925997.112,2.630,0.000,0.000,0.000,0.000,0.000,0.000,0.000,18,18,4*6D
$GPGGA,075015.60,3135.4346638,N,12046.6889911,E,4,18,1.4,2.6230,M,8.317,M,00,0004*62
$GPHPD,0,0.000,56.92,1.16,-12.35,31.5905777,120.7781499,2.623,13632260.352,24925997.660,2.623,0.000,0.000,0.000,0.000,0.000,0.000,0.000,18,18,4*63
$GPGGA,075015.80,3135.4347024,N,12046.6890630,E,4,18,1.4,2.6323,M,8.317,M,00,0004*61
$GPHPD,0,0.000,57.17,1.42,-12.48,31.5905784,120.7781511,2.632,13632259.948,24925998.302,2.632,0.000,0.000,0.000,0.000,0.000,0.000,0.000,18,18,4*6C
$GPGGA,075016.00,3135.4347430,N,12046.6891406,E,4,18,1.4,2.6244,M,8.317,M,01,0004*6C
$GPHPD,0,0.000,57.11,1.20,-12.63,31.5905791,120.7781523,2.624,13632259.527,24925999.002,2.624,0.000,0.000,0.000,0.000,0.000,0.000,0.000,18,18,4*65
$GPGGA,075016.20,3135.4347921,N,12046.6892275,E,4,18,1.4,2.6265,M,8.317,M,01,0004*61
$GPHPD,0,0.000,57.40,2.14,-12.70,31.5905799,120.7781538,2.627,13632259.004,24925999.764,2.627,0.000,0.000,0.000,0.000,0.000,0.000,0.000,18,18,4*66
$GPGGA,075016.40,3135.4348451,N,12046.6893269,E,4,18,1.4,2.6164,M,8.317,M,01,0004*6C
$GPHPD,0,0.000,57.50,2.58,-12.79,31.5905808,120.7781554,2.616,13632258.451,24926000.654,2.616,0.000,0.000,0.000,0.000,0.000,0.000,0.000,18,17,4*69
$GPGGA,075016.60,3135.4349024,N,12046.6894373,E,4,18,1.4,2.6285,M,8.317,M,00,0004*69
$GPHPD,0,0.000,57.64,3.02,-12.91,31.5905817,120.7781573,2.629,13632257.859,24926001.652,2.629,0.000,0.000,0.000,0.000,0.000,0.000,0.000,18,17,4*61
$GPGGA,075016.80,3135.4349642,N,12046.6895532,E,4,18,1.4,2.6221,M,8.317,M,00,0004*6D
$GPHPD,0,0.000,57.75,2.47,-13.06,31.5905827,120.7781592,2.622,13632257.214,24926002.690,2.622,0.000,0.000,0.000,0.000,0.000,0.000,0.000,18,17,4*6C
$GPGGA,075017.00,3135.4350293,N,12046.6896784,E,4,18,1.2,2.6347,M,8.317,M,01,0004*6E
$GPHPD,0,0.000,57.77,1.85,-13.18,31.5905838,120.7781613,2.635,13632256.540,24926003.821,2.635,0.000,0.000,0.000,0.000,0.000,0.000,0.000,18,17,4*6A
$GPGGA,075017.20,3135.4351008,N,12046.6898140,E,4,18,1.2,2.6389,M,8.317,M,01,0004*6F
$GPHPD,0,0.000,57.74,1.47,-13.27,31.5905850,120.7781636,2.639,13632255.797,24926005.040,2.639,0.000,0.000,0.000,0.000,0.000,0.000,0.000,18,17,4*60
$GPGGA,075017.40,3135.4351773,N,12046.6899569,E,4,18,1.2,2.6430,M,8.317,M,01,0004*69
$GPHPD,0,0.000,57.94,1.38,-13.34,31.5905863,120.7781659,2.643,13632254.997,24926006.318,2.643,0.000,0.000,0.000,0.000,0.000,0.000,0.000,18,18,4*60
$GPGGA,075017.60,3135.4352535,N,12046.6901026,E,4,18,1.2,2.6698,M,8.317,M,00,0004*67
$GPHPD,0,0.000,58.14,1.32,-13.36,31.5905876,120.7781684,2.670,13632254.207,24926007.631,2.670,0.000,0.000,0.000,0.000,0.000,0.000,0.000,18,18,4*66
$GPGGA,075017.80,3135.4353332,N,12046.6902517,E,4,18,1.4,2.6800,M,8.317,M,00,0004*64
$GPHPD,0,0.000,58.00,0.20,-13.38,31.5905889,120.7781709,2.680,13632253.375,24926008.965,2.680,0.000,0.000,0.000,0.000,0.000,0.000,0.000,18,17,4*66
$GPGGA,075018.00,3135.4354150,N,12046.6904057,E,4,18,1.4,2.6772,M,8.317,M,01,0004*6E
$GPHPD,0,0.000,57.87,-1.25,-13.39,31.5905903,120.7781734,2.677,13632252.522,24926010.346,2.677,0.000,0.000,0.000,0.000,0.000,0.000,0.000,18,17,4*44
$GPGGA,075018.20,3135.4354939,N,12046.6905658,E,4,16,1.5,2.6580,M,8.317,M,01,0004*63
$GPHPD,0,0.000,58.26,-0.67,-13.41,31.5905916,120.7781761,2.658,13632251.723,24926011.818,2.658,0.000,0.000,0.000,0.000,0.000,0.000,0.000,16,16,4*42
$GPGGA,075018.40,3135.4355773,N,12046.6907221,E,4,16,1.5,2.6510,M,8.317,M,01,0004*65
$GPHPD,0,0.000,58.02,0.10,-13.40,31.5905930,120.7781787,2.651,13632250.852,24926013.217,2.651,0.000,0.000,0.000,0.000,0.000,0.000,0.000,16,15,4*68
$GPGGA,075018.60,3135.4356574,N,12046.6908769,E,4,16,1.5,2.6503,M,8.317,M,00,0004*64
$GPHPD,0,0.000,58.05,0.20,-13.40,31.5905943,120.7781813,2.650,13632250.025,24926014.618,2.650,0.000,0.000,0.000,0.000,0.000,0.000,0.000,16,16,4*6D
$GPGGA,075018.80,3135.4357373,N,12046.6910320,E,4,16,1.5,2.6594,M,8.317,M,00,0004*64
$GPHPD,0,0.000,58.14,0.35,-13.38,31.5905956,120.7781839,2.659,13632249.201,24926016.023,2.659,0.000,0.000,0.000,0.000,0.000,0.000,0.000,16,15,4*69
$GPGGA,075019.00,3135.4358184,N,12046.6911862,E,4,16,1.5,2.6488,M,8.317,M,01,0004*69
$GPHPD,0,0.000,57.77,-0.51,-13.38,31.5905970,120.7781864,2.649,13632248.359,24926017.410,2.649,0.000,0.000,0.000,0.000,0.000,0.000,0.000,16,15,4*48
$GPGGA,075019.20,3135.4358995,N,12046.6913346,E,4,17,1.5,2.6558,M,8.317,M,01,0004*61
$GPHPD,0,0.000,57.67,-0.11,-13.37,31.5905983,120.7781889,2.656,13632247.505,24926018.728,2.656,0.000,0.000,0.000,0.000,0.000,0.000,0.000,17,16,4*48
$GPGGA,075019.40,3135.4359793,N,12046.6914874,E,4,17,1.5,2.6453,M,8.317,M,01,0004*69
$GPHPD,0,0.000,57.70,-0.21,-13.37,31.5905997,120.7781915,2.645,13632246.678,24926020.106,2.645,0.000,0.000,0.000,0.000,0.000,0.000,0.000,17,16,4*45
$GPGGA,075019.60,3135.4360597,N,12046.6916409,E,4,17,1.4,2.6393,M,8.317,M,00,0004*68
$GPHPD,0,0.000,57.62,0.46,-13.32,31.5906010,120.7781940,2.639,13632245.844,24926021.489,2.639,0.000,0.000,0.000,0.000,0.000,0.000,0.000,17,16,4*6B
$GPGGA,075019.80,3135.4361404,N,12046.6917938,E,4,17,1.4,2.6428,M,8.317,M,00,0004*65
$GPHPD,0,0.000,57.31,0.15,-13.27,31.5906023,120.7781966,2.643,13632245.005,24926022.863,2.643,0.000,0.000,0.000,0.000,0.000,0.000,0.000,17,16,4*6D
$GPGGA,075020.00,3135.4362243,N,12046.6919452,E,4,17,1.4,2.6409,M,8.317,M,01,0004*6C
$GPHPD,0,0.000,57.30,1.10,-13.26,31.5906037,120.7781991,2.641,13632244.117,24926024.201,2.641,0.000,0.000,0.000,0.000,0.000,0.000,0.000,17,17,4*6E
$GPGGA,075020.20,3135.4363055,N,12046.6920975,E,4,17,1.4,2.6364,M,8.317,M,01,0004*64
$GPHPD,0,0.000,57.08,0.87,-13.25,31.5906051,120.7782016,2.636,13632243.269,24926025.565,2.636,0.000,0.000,0.000,0.000,0.000,0.000,0.000,17,17,4*65
$GPGGA,075020.40,3135.4363897,N,12046.6922473,E,4,17,1.4,2.6397,M,8.317,M,01,0004*61
$GPHPD,0,0.000,56.77,0.83,-13.24,31.5906065,120.7782041,2.640,13632242.374,24926026.881,2.640,0.000,0.000,0.000,0.000,0.000,0.000,0.000,17,17,4*64
$GPGGA,075020.60,3135.4364748,N,12046.6923995,E,4,17,1.4,2.6413,M,8.317,M,00,0004*67
$GPHPD,0,0.000,56.49,0.96,-13.20,31.5906079,120.7782067,2.641,13632241.471,24926028.221,2.641,0.000,0.000,0.000,0.000,0.000,0.000,0.000,17,16,4*6E
$GPGGA,075020.80,3135.4365599,N,12046.6925492,E,4,17,1.4,2.6545,M,8.317,M,00,0004*68
$GPHPD,0,0.000,56.25,1.23,-13.20,31.5906093,120.7782092,2.655,13632240.562,24926029.531,2.655,0.000,0.000,0.000,0.000,0.000,0.000,0.000,17,16,4*60
$GPGGA,075021.00,3135.4366489,N,12046.6926971,E,4,17,1.4,2.6473,M,8.317,M,01,0004*64
$GPHPD,0,0.000,55.89,0.38,-13.23,31.5906108,120.7782116,2.647,13632239.595,24926030.797,2.647,0.000,0.000,0.000,0.000,0.000,0.000,0.000,17,15,4*60
$GPGGA,075021.20,3135.4367349,N,12046.6928514,E,4,17,1.4,2.6483,M,8.317,M,01,0004*62
$GPHPD,0,0.000,55.60,-0.03,-13.23,31.5906122,120.7782142,2.648,13632238.683,24926032.157,2.648,0.000,0.000,0.000,0.000,0.000,0.000,0.000,17,16,4*45
$GPGGA,075021.40,3135.4368233,N,12046.6930023,E,4,17,1.4,2.6467,M,8.317,M,01,0004*65
$GPHPD,0,0.000,55.37,0.49,-13.26,31.5906137,120.7782167,2.647,13632237.730,24926033.462,2.647,0.000,0.000,0.000,0.000,0.000,0.000,0.000,17,16,4*66
$GPGGA,075021.60,3135.4369102,N,12046.6931506,E,4,17,1.6,2.6582,M,8.317,M,00,0004*6D
$GPHPD,0,0.000,55.20,0.90,-13.25,31.5906152,120.7782192,2.658,13632236.794,24926034.745,2.658,0.000,0.000,0.000,0.000,0.000,0.000,0.000,17,16,4*60
$GPGGA,075021.80,3135.4370005,N,12046.6933012,E,4,17,1.6,2.6686,M,8.317,M,00,0004*68
$GPHPD,0,0.000,54.78,0.61,-13.25,31.5906167,120.7782217,2.669,13632235.813,24926036.035,2.669,0.000,0.000,0.000,0.000,0.000,0.000,0.000,17,16,4*6B
$GPGGA,075022.00,3135.4370940,N,12046.6934581,E,4,17,1.6,2.6555,M,8.317,M,01,0004*6F
$GPHPD,0,0.000,54.41,-0.28,-13.26,31.5906182,120.7782243,2.656,13632234.800,24926037.383,2.656,0.000,0.000,0.000,0.000,0.000,0.000,0.000,17,16,4*44
$GPGGA,075022.20,3135.4371876,N,12046.6936101,E,4,17,1.7,2.6581,M,8.317,M,01,0004*6E
$GPHPD,0,0.000,54.26,0.74,-13.26,31.5906198,120.7782268,2.658,13632233.776,24926038.671,2.658,0.000,0.000,0.000,0.000,0.000,0.000,0.000,17,16,4*6D
$GPGGA,075022.40,3135.4372791,N,12046.6937647,E,4,17,1.7,2.6658,M,8.317,M,01,0004*6E
$GPHPD,0,0.000,54.26,0.17,-13.25,31.5906213,120.7782294,2.666,13632232.786,24926040.003,2.666,0.000,0.000,0.000,0.000,0.000,0.000,0.000,17,16,4*6A
$GPGGA,075022.60,3135.4373728,N,12046.6939215,E,4,17,1.7,2.6730,M,8.317,M,00,0004*6C
$GPHPD,0,0.000,53.97,-0.56,-13.25,31.5906229,120.7782320,2.673,13632231.770,24926041.348,2.673,0.000,0.000,0.000,0.000,0.000,0.000,0.000,17,16,4*4F
$GPGGA,075022.80,3135.4374701,N,12046.6940779,E,4,17,1.7,2.6580,M,8.317,M,00,0004*66
$GPHPD,0,0.000,53.81,-0.30,-13.24,31.5906245,120.7782346,2.658,13632230.702,24926042.668,2.658,0.000,0.000,0.000,0.000,0.000,0.000,0.000,17,16,4*43
$GPGGA,075023.00,3135.4375663,N,12046.6942333,E,4,17,1.5,2.6662,M,8.317,M,01,0004*6F
$GPHPD,0,0.000,53.78,-0.52,-13.24,31.5906261,120.7782372,2.666,13632229.647,24926043.982,2.666,0.000,0.000,0.000,0.000,0.000,0.000,0.000,17,16,4*42
$GPGGA,075023.20,3135.4376627,N,12046.6943888,E,4,17,1.5,2.6543,M,8.317,M,01,0004*64
$GPHPD,0,0.000,53.43,-0.52,-13.24,31.5906277,120.7782398,2.654,13632228.590,24926045.296,2.654,0.000,0.000,0.000,0.000,0.000,0.000,0.000,17,16,4*49
$GPGGA,075023.40,3135.4377603,N,12046.6945457,E,4,17,1.4,2.6520,M,8.317,M,01,0004*69
$GPHPD,0,0.000,53.29,0.23,-13.24,31.5906293,120.7782424,2.652,13632227.518,24926046.620,2.652,0.000,0.000,0.000,0.000,0.000,0.000,0.000,17,16,4*61
$GPGGA,075023.60,3135.4378567,N,12046.6946991,E,4,17,1.4,2.6621,M,8.317,M,00,0004*62
$GPHPD,0,0.000,53.03,0.94,-13.23,31.5906309,120.7782450,2.662,13632226.457,24926047.909,2.662,0.000,0.000,0.000,0.000,0.000,0.000,0.000,17,16,4*6D
$GPGGA,075023.80,3135.4379530,N,12046.6948544,E,4,17,1.4,2.6593,M,8.317,M,00,0004*6F
$GPHPD,0,0.000,52.88,-0.13,-13.22,31.5906326,120.7782476,2.659,13632225.400,24926049.221,2.659,0.000,0.000,0.000,0.000,0.000,0.000,0.000,17,15,4*48
$GPGGA,075024.00,3135.4380559,N,12046.6950085,E,4,17,1.4,2.6541,M,8.317,M,01,0004*66
$GPHPD,0,0.000,52.73,0.29,-13.22,31.5906343,120.7782501,2.654,13632224.248,24926050.481,2.654,0.000,0.000,0.000,0.000,0.000,0.000,0.000,17,15,4*65
$GPGGA,075024.20,3135.4381523,N,12046.6951635,E,4,17,1.4,2.6715,M,8.317,M,01,0004*67
$GPHPD,0,0.000,52.92,1.17,-13.22,31.5906359,120.7782527,2.672,13632223.190,24926051.789,2.672,0.000,0.000,0.000,0.000,0.000,0.000,0.000,17,15,4*62
$GPGGA,075024.40,3135.4382502,N,12046.6953180,E,4,17,1.4,2.6796,M,8.317,M,01,0004*61
$GPHPD,0,0.000,52.59,0.43,-13.21,31.5906375,120.7782553,2.680,13632222.109,24926053.082,2.680,0.000,0.000,0.000,0.000,0.000,0.000,0.000,17,15,4*64
$GPGGA,075024.60,3135.4383481,N,12046.6954729,E,4,17,1.4,2.6818,M,8.317,M,00,0004*62
$GPHPD,0,0.000,52.43,-0.08,-13.19,31.5906391,120.7782579,2.682,13632221.029,24926054.380,2.682,0.000,0.000,0.000,0.000,0.000,0.000,0.000,17,15,4*42
$GPGGA,075024.80,3135.4384463,N,12046.6956307,E,4,17,1.4,2.6671,M,8.317,M,00,0004*6C
$GPHPD,0,0.000,52.61,0.24,-13.18,31.5906408,120.7782605,2.667,13632219.951,24926055.711,2.667,0.000,0.000,0.000,0.000,0.000,0.000,0.000,17,15,4*6F
$GPGGA,075025.00,3135.4385474,N,12046.6957843,E,4,17,1.4,2.6839,M,8.317,M,01,0004*6B
$GPHPD,0,0.000,52.66,0.43,-13.15,31.5906425,120.7782631,2.684,13632218.823,24926056.975,2.684,0.000,0.000,0.000,0.000,0.000,0.000,0.000,17,15,4*66
$GPGGA,075025.20,3135.4386469,N,12046.6959392,E,4,17,1.4,2.6812,M,8.317,M,01,0004*66
$GPHPD,0,0.000,52.54,0.05,-13.11,31.5906441,120.7782657,2.681,13632217.721,24926058.264,2.681,0.000,0.000,0.000,0.000,0.000,0.000,0.000,17,15,4*64
$GPGGA,075025.40,3135.4387470,N,12046.6960949,E,4,18,1.3,2.6778,M,8.317,M,01,0004*64
$GPHPD,0,0.000,52.51,-0.42,-13.08,31.5906458,120.7782682,2.678,13632216.611,24926059.559,2.678,0.000,0.000,0.000,0.000,0.000,0.000,0.000,18,16,4*40
$GPGGA,075025.60,3135.4388461,N,12046.6962469,E,4,18,1.3,2.6721,M,8.317,M,00,0004*69
$GPHPD,0,0.000,52.74,1.05,-13.07,31.5906474,120.7782708,2.672,13632215.509,24926060.815,2.672,0.000,0.000,0.000,0.000,0.000,0.000,0.000,18,16,4*6C
$GPGGA,075025.80,3135.4389474,N,12046.6964040,E,4,18,1.3,2.6653,M,8.317,M,00,0004*6F
$GPHPD,0,0.000,52.53,0.83,-13.07,31.5906491,120.7782734,2.665,13632214.385,24926062.120,2.665,0.000,0.000,0.000,0.000,0.000,0.000,0.000,18,16,4*6C
$GPGGA,075026.00,3135.4390477,N,12046.6965589,E,4,18,1.3,2.6660,M,8.317,M,01,0004*6F
$GPHPD,0,0.000,52.47,1.36,-13.07,31.5906508,120.7782760,2.666,13632213.271,24926063.404,2.666,0.000,0.000,0.000,0.000,0.000,0.000,0.000,18,16,4*69
$GPGGA,075026.20,3135.4391461,N,12046.6967078,E,4,18,1.3,2.6762,M,8.317,M,01,0004*61
$GPHPD,0,0.000,52.10,0.77,-13.09,31.5906524,120.7782785,2.676,13632212.172,24926064.627,2.676,0.000,0.000,0.000,0.000,0.000,0.000,0.000,18,16,4*61
$GPGGA,075026.40,3135.4392444,N,12046.6968611,E,4,18,1.3,2.6777,M,8.318,M,01,0004*6E
$GPHPD,0,0.000,51.86,0.95,-13.13,31.5906541,120.7782810,2.678,13632211.083,24926065.904,2.678,0.000,0.000,0.000,0.000,0.000,0.000,0.000,18,16,4*69
$GPGGA,075026.60,3135.4393428,N,12046.6970104,E,4,18,1.3,2.6694,M,8.318,M,00,0004*60
$GPHPD,0,0.000,51.55,0.26,-13.16,31.5906557,120.7782835,2.669,13632209.985,24926067.131,2.669,0.000,0.000,0.000,0.000,0.000,0.000,0.000,18,16,4*60
$GPGGA,075026.80,3135.4394425,N,12046.6971576,E,4,18,1.3,2.6633,M,8.318,M,00,0004*69
$GPHPD,0,0.000,51.40,0.91,-13.21,31.5906574,120.7782860,2.663,13632208.864,24926068.326,2.663,0.000,0.000,0.000,0.000,0.000,0.000,0.000,18,16,4*69
$GPGGA,075027.00,3135.4395431,N,12046.6973013,E,4,18,1.3,2.6570,M,8.318,M,01,0004*65
$GPHPD,0,0.000,51.31,1.47,-13.26,31.5906591,120.7782884,2.657,13632207.723,24926069.473,2.657,0.000,0.000,0.000,0.000,0.000,0.000,0.000,18,16,4*66
$GPGGA,075027.20,3135.4396451,N,12046.6974510,E,4,18,1.3,2.6612,M,8.318,M,01,0004*64
$GPHPD,0,0.000,50.91,0.92,-13.28,31.5906608,120.7782909,2.661,13632206.575,24926070.685,2.661,0.000,0.000,0.000,0.000,0.000,0.000,0.000,18,16,4*6E
$GPGGA,075027.40,3135.4397452,N,12046.6975949,E,4,18,1.3,2.6666,M,8.318,M,01,0004*62
$GPHPD,0,0.000,50.75,0.96,-13.30,31.5906624,120.7782932,2.667,13632205.442,24926071.838,2.667,0.000,0.000,0.000,0.000,0.000,0.000,0.000,18,16,4*60
$GPGGA,075027.60,3135.4398491,N,12046.6977431,E,4,18,1.3,2.6660,M,8.318,M,00,0004*67
$GPHPD,0,0.000,50.74,0.75,-13.27,31.5906642,120.7782957,2.666,13632204.263,24926073.020,2.666,0.000,0.000,0.000,0.000,0.000,0.000,0.000,18,16,4*6E
$GPGGA,075027.80,3135.4399486,N,12046.6978918,E,4,18,1.3,2.6736,M,8.318,M,00,0004*65
$GPHPD,0,0.000,50.58,0.44,-13.26,31.5906658,120.7782982,2.674,13632203.148,24926074.234,2.674,0.000,0.000,0.000,0.000,0.000,0.000,0.000,18,17,4*6C
$GPGGA,075028.00,3135.4400506,N,12046.6980382,E,4,18,1.3,2.6810,M,8.318,M,01,0004*68
$GPHPD,0,0.000,50.46,0.29,-13.21,31.5906675,120.7783006,2.681,13632201.993,24926075.406,2.681,0.000,0.000,0.000,0.000,0.000,0.000,0.000,18,17,4*6E
$GPGGA,075028.20,3135.4401525,N,12046.6981863,E,4,18,1.3,2.6887,M,8.318,M,01,0004*61
$GPHPD,0,0.000,50.24,-0.41,-13.16,31.5906692,120.7783031,2.689,13632200.843,24926076.599,2.689,0.000,0.000,0.000,0.000,0.000,0.000,0.000,18,17,4*49
$GPGGA,075028.40,3135.4402520,N,12046.6983368,E,4,18,1.3,2.6941,M,8.318,M,01,0004*68
$GPHPD,0,0.000,50.34,-0.44,-13.11,31.5906709,120.7783056,2.694,13632199.731,24926077.834,2.694,0.000,0.000,0.000,0.000,0.000,0.000,0.000,18,17,4*4A
$GPGGA,075028.60,3135.4403525,N,12046.6984858,E,4,18,1.3,2.6936,M,8.318,M,00,0004*60
$GPHPD,0,0.000,50.17,-0.20,-13.08,31.5906725,120.7783081,2.694,13632198.603,24926079.046,2.694,0.000,0.000,0.000,0.000,0.000,0.000,0.000,18,17,4*47
$GPGGA,075028.80,3135.4404527,N,12046.6986305,E,4,18,1.3,2.6772,M,8.318,M,00,0004*64
$GPHPD,0,0.000,50.21,-0.55,-13.04,31.5906742,120.7783105,2.677,13632197.470,24926080.208,2.677,0.000,0.000,0.000,0.000,0.000,0.000,0.000,18,17,4*47
$GPGGA,075029.00,3135.4405544,N,12046.6987734,E,4,18,1.3,2.6804,M,8.318,M,01,0004*61
$GPHPD,0,0.000,50.31,-0.18,-13.02,31.5906759,120.7783129,2.680,13632196.312,24926081.339,2.680,0.000,0.000,0.000,0.000,0.000,0.000,0.000,18,17,4*4D
$GPGGA,075029.20,3135.4406534,N,12046.6989235,E,4,18,1.3,2.6881,M,8.318,M,01,0004*60
$GPHPD,0,0.000,50.63,-0.03,-13.01,31.5906776,120.7783154,2.688,13632195.206,24926082.573,2.688,0.000,0.000,0.000,0.000,0.000,0.000,0.000,18,17,4*48
$GPGGA,075029.40,3135.4407520,N,12046.6990698,E,4,18,1.3,2.6911,M,8.318,M,01,0004*61
$GPHPD,0,0.000,50.90,-0.15,-13.05,31.5906792,120.7783178,2.691,13632194.099,24926083.763,2.691,0.000,0.000,0.000,0.000,0.000,0.000,0.000,18,17,4*44
$GPGGA,075029.60,3135.4408529,N,12046.6992188,E,4,18,1.3,2.6834,M,8.318,M,00,0004*66
$GPHPD,0,0.000,51.25,0.04,-13.08,31.5906809,120.7783203,2.683,13632192.965,24926084.973,2.683,0.000,0.000,0.000,0.000,0.000,0.000,0.000,18,17,4*6D
$GPGGA,075029.80,3135.4409507,N,12046.6993692,E,4,18,1.3,2.6806,M,8.318,M,00,0004*69
$GPHPD,0,0.000,51.36,-0.21,-13.10,31.5906825,120.7783228,2.681,13632191.878,24926086.217,2.681,0.000,0.000,0.000,0.000,0.000,0.000,0.000,18,17,4*4E
$GPGGA,075030.00,3135.4410472,N,12046.6995177,E,4,18,1.3,2.6861,M,8.318,M,01,0004*68
$GPHPD,0,0.000,51.61,0.35,-13.15,31.5906841,120.7783253,2.686,13632190.805,24926087.446,2.686,0.000,0.000,0.000,0.000,0.000,0.000,0.000,18,17,4*67
$GPGGA,075030.20,3135.4411451,N,12046.6996685,E,4,18,1.3,2.6880,M,8.318,M,01,0004*6C
$GPHPD,0,0.000,51.81,0.56,-13.19,31.5906858,120.7783278,2.688,13632189.717,24926088.695,2.688,0.000,0.000,0.000,0.000,0.000,0.000,0.000,18,17,4*66
$GPGGA,075030.40,3135.4412440,N,12046.6998184,E,4,18,1.3,2.6873,M,8.318,M,01,0004*6D
$GPHPD,0,0.000,51.93,0.00,-13.19,31.5906874,120.7783303,2.687,13632188.613,24926089.927,2.687,0.000,0.000,0.000,0.000,0.000,0.000,0.000,18,17,4*66
$GPGGA,075030.60,3135.4413409,N,12046.6999669,E,4,18,1.3,2.6772,M,8.318,M,00,0004*69
$GPHPD,0,0.000,52.14,0.02,-13.19,31.5906890,120.7783328,2.677,13632187.534,24926091.154,2.677,0.000,0.000,0.000,0.000,0.000,0.000,0.000,18,17,4*67
$GPGGA,075030.80,3135.4414367,N,12046.7001199,E,4,18,1.3,2.6784,M,8.318,M,00,0004*67
$GPHPD,0,0.000,52.37,0.69,-13.18,31.5906906,120.7783353,2.678,13632186.480,24926092.441,2.678,0.000,0.000,0.000,0.000,0.000,0.000,0.000,18,17,4*65
$GPGGA,075031.00,3135.4415348,N,12046.7002713,E,4,18,1.5,2.6804,M,8.318,M,01,0004*65
$GPHPD,0,0.000,52.42,0.27,-13.20,31.5906922,120.7783379,2.680,13632185.391,24926093.696,2.680,0.000,0.000,0.000,0.000,0.000,0.000,0.000,18,17,4*65
$GPGGA,075031.20,3135.4416316,N,12046.7004227,E,4,18,1.3,2.6714,M,8.318,M,01,0004*63
$GPHPD,0,0.000,52.84,0.73,-13.22,31.5906939,120.7783404,2.671,13632184.320,24926094.958,2.671,0.000,0.000,0.000,0.000,0.000,0.000,0.000,18,16,4*6B
$GPGGA,075031.40,3135.4417245,N,12046.7005780,E,4,18,1.3,2.6837,M,8.318,M,01,0004*64
$GPHPD,0,0.000,52.88,0.81,-13.23,31.5906954,120.7783430,2.684,13632183.312,24926096.290,2.684,0.000,0.000,0.000,0.000,0.000,0.000,0.000,18,16,4*6C
$GPGGA,075031.60,3135.4418210,N,12046.7007289,E,4,18,1.3,2.6889,M,8.318,M,00,0004*63
$GPHPD,0,0.000,52.80,0.52,-13.24,31.5906970,120.7783455,2.689,13632182.244,24926097.548,2.689,0.000,0.000,0.000,0.000,0.000,0.000,0.000,18,16,4*68
$GPGGA,075031.80,3135.4419165,N,12046.7008814,E,4,18,1.3,2.6830,M,8.318,M,00,0004*6E
$GPHPD,0,0.000,52.89,0.28,-13.25,31.5906986,120.7783480,2.683,13632181.193,24926098.832,2.683,0.000,0.000,0.000,0.000,0.000,0.000,0.000,18,16,4*69
$GPGGA,075032.00,3135.4420127,N,12046.7010331,E,4,18,1.3,2.6884,M,8.318,M,01,0004*62
$GPHPD,0,0.000,53.00,0.58,-13.24,31.5907002,120.7783506,2.688,13632180.131,24926100.101,2.688,0.000,0.000,0.000,0.000,0.000,0.000,0.000,18,15,4*67
$GPGGA,075032.20,3135.4421077,N,12046.7011847,E,4,18,1.3,2.6818,M,8.318,M,01,0004*6B
$GPHPD,0,0.000,53.03,-0.06,-13.23,31.5907018,120.7783531,2.682,13632179.086,24926101.376,2.682,0.000,0.000,0.000,0.000,0.000,0.000,0.000,18,15,4*42
$GPGGA,075032.40,3135.4421998,N,12046.7013380,E,4,18,1.3,2.6923,M,8.318,M,01,0004*6E
$GPHPD,0,0.000,53.23,1.11,-13.24,31.5907033,120.7783556,2.692,13632178.085,24926102.689,2.692,0.000,0.000,0.000,0.000,0.000,0.000,0.000,18,15,4*61
$GPGGA,075032.60,3135.4422961,N,12046.7014894,E,4,18,1.3,2.6872,M,8.318,M,00,0004*64
$GPHPD,0,0.000,53.01,-0.45,-13.26,31.5907049,120.7783582,2.687,13632177.021,24926103.954,2.687,0.000,0.000,0.000,0.000,0.000,0.000,0.000,18,15,4*45
$GPGGA,075032.80,3135.4423947,N,12046.7016428,E,4,18,1.3,2.6991,M,8.318,M,00,0004*6A
$GPHPD,0,0.000,53.05,0.74,-13.25,31.5907066,120.7783607,2.699,13632175.928,24926105.230,2.699,0.000,0.000,0.000,0.000,0.000,0.000,0.000,18,15,4*63
$GPGGA,075033.00,3135.4424926,N,12046.7017904,E,4,17,1.3,2.6966,M,8.318,M,01,0004*67
$GPHPD,0,0.000,52.99,0.62,-13.25,31.5907082,120.7783632,2.697,13632174.834,24926106.440,2.697,0.000,0.000,0.000,0.000,0.000,0.000,0.000,17,15,4*6C
$GPGGA,075033.20,3135.4425878,N,12046.7019438,E,4,17,1.3,2.7100,M,8.318,M,01,0004*6B
$GPHPD,0,0.000,52.72,0.75,-13.22,31.5907098,120.7783657,2.710,13632173.789,24926107.736,2.710,0.000,0.000,0.000,0.000,0.000,0.000,0.000,17,16,4*6E
$GPGGA,075033.40,3135.4426856,N,12046.7020959,E,4,17,1.3,2.6820,M,8.318,M,01,0004*68
$GPHPD,0,0.000,52.64,0.29,-13.20,31.5907114,120.7783683,2.682,13632172.705,24926109.001,2.682,0.000,0.000,0.000,0.000,0.000,0.000,0.000,17,16,4*66
$GPGGA,075033.60,3135.4427817,N,12046.7022468,E,4,17,1.3,2.7139,M,8.318,M,00,0004*62
$GPHPD,0,0.000,52.69,1.74,-13.19,31.5907130,120.7783708,2.714,13632171.643,24926110.261,2.714,0.000,0.000,0.000,0.000,0.000,0.000,0.000,17,16,4*60
$GPGGA,075033.80,3135.4428785,N,12046.7023993,E,4,17,1.3,2.7078,M,8.318,M,00,0004*6B
$GPHPD,0,0.000,52.63,0.81,-13.19,31.5907146,120.7783733,2.708,13632170.574,24926111.537,2.708,0.000,0.000,0.000,0.000,0.000,0.000,0.000,17,16,4*6B
$GPGGA,075034.00,3135.4429750,N,12046.7025492,E,4,17,1.3,2.7007,M,8.318,M,01,0004*6E
$GPHPD,0,0.000,52.20,0.29,-13.20,31.5907163,120.7783758,2.701,13632169.504,24926112.783,2.701,0.000,0.000,0.000,0.000,0.000,0.000,0.000,17,16,4*6F
$GPGGA,075034.20,3135.4430705,N,12046.7027009,E,4,17,1.3,2.7157,M,8.318,M,01,0004*64
$GPHPD,0,0.000,52.25,0.04,-13.22,31.5907178,120.7783783,2.716,13632168.452,24926114.056,2.716,0.000,0.000,0.000,0.000,0.000,0.000,0.000,17,16,4*61
$GPGGA,075034.40,3135.4431655,N,12046.7028528,E,4,17,1.3,2.7114,M,8.318,M,01,0004*69
$GPHPD,0,0.000,52.72,-0.47,-13.23,31.5907194,120.7783809,2.711,13632167.407,24926115.335,2.711,0.000,0.000,0.000,0.000,0.000,0.000,0.000,17,16,4*4F
$GPGGA,075034.60,3135.4432553,N,12046.7030069,E,4,17,1.3,2.7226,M,8.318,M,00,0004*67
$GPHPD,0,0.000,53.15,-0.25,-13.26,31.5907209,120.7783834,2.723,13632166.441,24926116.670,2.723,0.000,0.000,0.000,0.000,0.000,0.000,0.000,17,16,4*43
$GPGGA,075034.80,3135.4433464,N,12046.7031606,E,4,17,1.5,2.7097,M,8.318,M,00,0004*6D
$GPHPD,0,0.000,53.86,-0.47,-13.27,31.5907224,120.7783860,2.710,13632165.456,24926117.994,2.710,0.000,0.000,0.000,0.000,0.000,0.000,0.000,17,16,4*43
$GPGGA,075035.00,3135.4434374,N,12046.7033138,E,4,17,1.5,2.6884,M,8.318,M,01,0004*67
$GPHPD,0,0.000,54.56,-0.26,-13.28,31.5907240,120.7783886,2.688,13632164.470,24926119.311,2.688,0.000,0.000,0.000,0.000,0.000,0.000,0.000,17,16,4*47
$GPGGA,075035.20,3135.4435268,N,12046.7034680,E,4,16,1.5,2.7036,M,8.318,M,01,0004*6A
$GPHPD,0,0.000,55.52,1.72,-13.28,31.5907254,120.7783911,2.704,13632163.510,24926120.651,2.704,0.000,0.000,0.000,0.000,0.000,0.000,0.000,16,16,4*6F
$GPGGA,075035.40,3135.4436125,N,12046.7036306,E,4,17,1.5,2.7075,M,8.318,M,01,0004*6A
$GPHPD,0,0.000,55.77,-1.91,-13.27,31.5907269,120.7783938,2.708,13632162.619,24926122.113,2.708,0.000,0.000,0.000,0.000,0.000,0.000,0.000,17,16,4*4B
$GPGGA,075035.60,3135.4436997,N,12046.7037919,E,4,16,1.5,2.7062,M,8.318,M,00,0004*6A
$GPHPD,0,0.000,56.02,-2.47,-13.24,31.5907283,120.7783965,2.706,13632161.704,24926123.550,2.706,0.000,0.000,0.000,0.000,0.000,0.000,0.000,16,15,4*43
$GPGGA,075035.80,3135.4437852,N,12046.7039506,E,4,16,1.5,2.7022,M,8.318,M,00,0004*65
$GPHPD,0,0.000,56.85,0.95,-13.21,31.5907298,120.7783992,2.702,13632160.808,24926124.966,2.702,0.000,0.000,0.000,0.000,0.000,0.000,0.000,16,15,4*67
$GPGGA,075036.00,3135.4438696,N,12046.7041123,E,4,16,1.5,2.7224,M,8.318,M,01,0004*6E
$GPHPD,0,0.000,57.78,2.28,-13.17,31.5907312,120.7784019,2.722,13632159.934,24926126.425,2.722,0.000,0.000,0.000,0.000,0.000,0.000,0.000,16,15,4*67
$GPGGA,075036.20,3135.4439536,N,12046.7042724,E,4,16,1.5,2.7456,M,8.318,M,01,0004*65
$GPHPD,0,0.000,57.58,0.88,-13.17,31.5907326,120.7784045,2.746,13632159.063,24926127.867,2.746,0.000,0.000,0.000,0.000,0.000,0.000,0.000,16,15,4*63
$GPGGA,075036.40,3135.4440360,N,12046.7044327,E,4,16,1.5,2.7404,M,8.318,M,01,0004*6E
$GPHPD,0,0.000,57.69,-0.17,-13.16,31.5907339,120.7784072,2.740,13632158.214,24926129.320,2.740,0.000,0.000,0.000,0.000,0.000,0.000,0.000,16,15,4*44
$GPGGA,075036.60,3135.4441239,N,12046.7045921,E,4,16,1.5,2.7267,M,8.318,M,00,0004*6F
$GPHPD,0,0.000,58.01,0.16,-13.20,31.5907354,120.7784099,2.727,13632157.285,24926130.731,2.727,0.000,0.000,0.000,0.000,0.000,0.000,0.000,16,15,4*69
$GPGGA,075036.80,3135.4442057,N,12046.7047535,E,4,16,1.5,2.7453,M,8.318,M,00,0004*62
$GPHPD,0,0.000,58.22,1.18,-13.24,31.5907368,120.7784126,2.745,13632156.447,24926132.201,2.745,0.000,0.000,0.000,0.000,0.000,0.000,0.000,16,15,4*64
$GPGGA,075037.00,3135.4442901,N,12046.7049124,E,4,17,1.5,2.7404,M,8.318,M,01,0004*69
$GPHPD,0,0.000,57.66,-0.55,-13.28,31.5907382,120.7784152,2.740,13632155.568,24926133.626,2.740,0.000,0.000,0.000,0.000,0.000,0.000,0.000,17,16,4*48
$GPGGA,075037.20,3135.4443772,N,12046.7050743,E,4,17,1.5,2.7330,M,8.318,M,01,0004*6F
$GPHPD,0,0.000,58.27,0.71,-13.30,31.5907396,120.7784179,2.733,13632154.655,24926135.071,2.733,0.000,0.000,0.000,0.000,0.000,0.000,0.000,17,16,4*62
$GPGGA,075037.40,3135.4444597,N,12046.7052370,E,4,18,1.5,2.7304,M,8.318,M,01,0004*69
$GPHPD,0,0.000,58.33,0.95,-13.34,31.5907410,120.7784206,2.730,13632153.810,24926136.553,2.730,0.000,0.000,0.000,0.000,0.000,0.000,0.000,18,17,4*6B
$GPGGA,075037.60,3135.4445431,N,12046.7053981,E,4,18,1.5,2.7371,M,8.318,M,00,0004*61
$GPHPD,0,0.000,58.07,0.25,-13.34,31.5907424,120.7784233,2.737,13632152.949,24926138.010,2.737,0.000,0.000,0.000,0.000,0.000,0.000,0.000,18,17,4*66
$GPGGA,075037.80,3135.4446304,N,12046.7055611,E,4,18,1.5,2.7103,M,8.318,M,00,0004*6A
$GPHPD,0,0.000,58.09,-0.01,-13.35,31.5907438,120.7784260,2.710,13632152.036,24926139.468,2.710,0.000,0.000,0.000,0.000,0.000,0.000,0.000,18,17,4*42
$GPGGA,075038.00,3135.4447110,N,12046.7057256,E,4,18,1.5,2.7323,M,8.318,M,01,0004*6F
$GPHPD,0,0.000,58.55,0.91,-13.35,31.5907452,120.7784288,2.732,13632151.222,24926140.983,2.732,0.000,0.000,0.000,0.000,0.000,0.000,0.000,18,17,4*67
$GPGGA,075038.20,3135.4447926,N,12046.7058878,E,4,18,1.5,2.7388,M,8.318,M,01,0004*68
$GPHPD,0,0.000,58.42,0.12,-13.37,31.5907465,120.7784315,2.739,13632150.388,24926142.464,2.739,0.000,0.000,0.000,0.000,0.000,0.000,0.000,18,17,4*6F
$GPGGA,075038.40,3135.4448770,N,12046.7060506,E,4,18,1.5,2.7274,M,8.318,M,01,0004*61
$GPHPD,0,0.000,58.52,0.15,-13.36,31.5907480,120.7784342,2.727,13632149.516,24926143.936,2.727,0.000,0.000,0.000,0.000,0.000,0.000,0.000,18,17,4*63
$GPGGA,075038.60,3135.4449602,N,12046.7062137,E,4,18,1.5,2.7341,M,8.318,M,00,0004*64
$GPHPD,0,0.000,58.67,1.10,-13.36,31.5907493,120.7784369,2.734,13632148.662,24926145.418,2.734,0.000,0.000,0.000,0.000,0.000,0.000,0.000,18,17,4*6C
$GPGGA,075038.80,3135.4450421,N,12046.7063757,E,4,18,1.5,2.7379,M,8.318,M,00,0004*6B
$GPHPD,0,0.000,58.20,0.63,-13.37,31.5907507,120.7784396,2.738,13632147.824,24926146.895,2.738,0.000,0.000,0.000,0.000,0.000,0.000,0.000,18,17,4*6E
$GPGGA,075039.00,3135.4451280,N,12046.7065334,E,4,18,1.5,2.7287,M,8.318,M,01,0004*68
$GPHPD,0,0.000,57.94,0.68,-13.36,31.5907521,120.7784422,2.729,13632146.920,24926148.297,2.729,0.000,0.000,0.000,0.000,0.000,0.000,0.000,18,17,4*6A
$GPGGA,075039.20,3135.4452133,N,12046.7066977,E,4,18,1.5,2.7331,M,8.318,M,01,0004*60
$GPHPD,0,0.000,57.85,1.21,-13.34,31.5907536,120.7784450,2.733,13632146.038,24926149.782,2.733,0.000,0.000,0.000,0.000,0.000,0.000,0.000,18,17,4*67
$GPGGA,075039.40,3135.4453018,N,12046.7068611,E,4,18,1.5,2.7347,M,8.318,M,01,0004*6F
$GPHPD,0,0.000,57.83,1.60,-13.33,31.5907550,120.7784477,2.735,13632145.109,24926151.237,2.735,0.000,0.000,0.000,0.000,0.000,0.000,0.000,18,17,4*64
$GPGGA,075039.60,3135.4453870,N,12046.7070226,E,4,18,1.5,2.7505,M,8.318,M,00,0004*63
$GPHPD,0,0.000,57.80,1.69,-13.34,31.5907565,120.7784504,2.751,13632144.223,24926152.689,2.751,0.000,0.000,0.000,0.000,0.000,0.000,0.000,18,17,4*62
$GPGGA,075039.80,3135.4454732,N,12046.7071827,E,4,18,1.5,2.7491,M,8.318,M,00,0004*65
$GPHPD,0,0.000,57.45,0.80,-13.35,31.5907579,120.7784530,2.749,13632143.320,24926154.117,2.749,0.000,0.000,0.000,0.000,0.000,0.000,0.000,18,17,4*65
$GPGGA,075040.00,3135.4455619,N,12046.7073434,E,4,18,1.5,2.7460,M,8.318,M,01,0004*69
$GPHPD,0,0.000,57.32,0.56,-13.31,31.5907594,120.7784557,2.746,13632142.383,24926155.539,2.746,0.000,0.000,0.000,0.000,0.000,0.000,0.000,18,17,4*69
$GPGGA,075040.20,3135.4456442,N,12046.7075087,E,4,18,1.5,2.7685,M,8.318,M,01,0004*67
$GPHPD,0,0.000,57.04,0.26,-13.29,31.5907607,120.7784585,2.769,13632141.546,24926157.053,2.769,0.000,0.000,0.000,0.000,0.000,0.000,0.000,18,17,4*63
$GPGGA,075040.40,3135.4457364,N,12046.7076711,E,4,18,1.5,2.7644,M,8.318,M,01,0004*65
$GPHPD,0,0.000,56.96,0.28,-13.27,31.5907623,120.7784612,2.764,13632140.562,24926158.475,2.764,0.000,0.000,0.000,0.000,0.000,0.000,0.000,18,17,4*6A
$GPGGA,075040.60,3135.4458240,N,12046.7078338,E,4,18,1.5,2.7674,M,8.318,M,00,0004*6C
$GPHPD,0,0.000,57.01,0.54,-13.24,31.5907637,120.7784639,2.767,13632139.644,24926159.927,2.767,0.000,0.000,0.000,0.000,0.000,0.000,0.000,18,17,4*63
$GPGGA,075040.80,3135.4459136,N,12046.7079959,E,4,18,1.5,2.7640,M,8.318,M,00,0004*6A
$GPHPD,0,0.000,56.76,0.25,-13.23,31.5907652,120.7784666,2.764,13632138.697,24926161.361,2.764,0.000,0.000,0.000,0.000,0.000,0.000,0.000,18,17,4*66
$GPGGA,075041.00,3135.4460029,N,12046.7081584,E,4,18,1.3,2.7870,M,8.318,M,01,0004*67
$GPHPD,0,0.000,56.79,0.82,-13.24,31.5907667,120.7784693,2.787,13632137.755,24926162.800,2.787,0.000,0.000,0.000,0.000,0.000,0.000,0.000,18,17,4*60
$GPGGA,075041.20,3135.4460958,N,12046.7083214,E,4,18,2.1,2.7611,M,8.318,M,01,0004*6E
$GPHPD,0,0.000,56.40,-0.86,-13.22,31.5907683,120.7784720,2.761,13632136.762,24926164.225,2.761,0.000,0.000,0.000,0.000,0.000,0.000,0.000,18,17,4*48
$GPGGA,075041.40,3135.4461827,N,12046.7084871,E,4,18,1.3,2.7813,M,8.318,M,01,0004*63
$GPHPD,0,0.000,56.38,-0.44,-13.20,31.5907697,120.7784748,2.781,13632135.861,24926165.718,2.781,0.000,0.000,0.000,0.000,0.000,0.000,0.000,18,17,4*45
$GPGGA,075041.60,3135.4462746,N,12046.7086540,E,4,18,1.3,2.7777,M,8.318,M,00,0004*6B
$GPHPD,0,0.000,56.57,-0.08,-13.18,31.5907712,120.7784776,2.778,13632134.890,24926167.195,2.778,0.000,0.000,0.000,0.000,0.000,0.000,0.000,18,17,4*40
$GPGGA,075041.80,3135.4463642,N,12046.7088167,E,4,18,1.3,2.7793,M,8.318,M,00,0004*64
$GPHPD,0,0.000,56.42,-0.42,-13.16,31.5907727,120.7784803,2.779,13632133.944,24926168.636,2.779,0.000,0.000,0.000,0.000,0.000,0.000,0.000,18,17,4*41
$GPGGA,075042.00,3135.4464565,N,12046.7089827,E,4,18,1.5,2.7728,M,8.318,M,01,0004*65
$GPHPD,0,0.000,56.44,-0.04,-13.16,31.5907743,120.7784830,2.773,13632132.966,24926170.100,2.773,0.000,0.000,0.000,0.000,0.000,0.000,0.000,18,17,4*4D
$GPGGA,075042.20,3135.4465498,N,12046.7091478,E,4,18,1.5,2.7826,M,8.318,M,01,0004*6B
$GPHPD,0,0.000,56.50,0.86,-13.14,31.5907758,120.7784858,2.783,13632131.972,24926171.548,2.783,0.000,0.000,0.000,0.000,0.000,0.000,0.000,18,17,4*66
$GPGGA,075042.40,3135.4466401,N,12046.7093132,E,4,17,1.4,2.7779,M,8.318,M,01,0004*6C
$GPHPD,0,0.000,56.84,0.59,-13.16,31.5907773,120.7784886,2.778,13632131.022,24926173.017,2.778,0.000,0.000,0.000,0.000,0.000,0.000,0.000,17,17,4*6B
$GPGGA,075042.60,3135.4467269,N,12046.7094790,E,4,18,1.4,2.7856,M,8.318,M,00,0004*62
$GPHPD,0,0.000,56.86,0.67,-13.16,31.5907788,120.7784913,2.786,13632130.122,24926174.511,2.786,0.000,0.000,0.000,0.000,0.000,0.000,0.000,18,17,4*66
$GPGGA,075042.80,3135.4468119,N,12046.7096466,E,4,18,1.4,2.7958,M,8.318,M,00,0004*60
$GPHPD,0,0.000,57.24,1.16,-13.18,31.5907802,120.7784941,2.796,13632129.251,24926176.038,2.796,0.000,0.000,0.000,0.000,0.000,0.000,0.000,18,18,4*60
$GPGGA,075043.00,3135.4469008,N,12046.7098133,E,4,18,1.2,2.7949,M,8.318,M,01,0004*65
$GPHPD,0,0.000,57.25,0.66,-13.22,31.5907817,120.7784969,2.795,13632128.323,24926177.531,2.795,0.000,0.000,0.000,0.000,0.000,0.000,0.000,18,18,4*68
$GPGGA,075043.20,3135.4469886,N,12046.7099775,E,4,18,1.2,2.7946,M,8.318,M,01,0004*63
$GPHPD,0,0.000,57.53,0.53,-13.21,31.5907831,120.7784996,2.795,13632127.405,24926179.000,2.795,0.000,0.000,0.000,0.000,0.000,0.000,0.000,18,18,4*6D
$GPGGA,075043.40,3135.4470767,N,12046.7101404,E,4,18,1.2,2.7754,M,8.318,M,01,0004*65
$GPHPD,0,0.000,57.59,0.85,-13.20,31.5907846,120.7785023,2.775,13632126.481,24926180.451,2.775,0.000,0.000,0.000,0.000,0.000,0.000,0.000,18,18,4*60
$GPGGA,075043.60,3135.4471599,N,12046.7103038,E,4,18,1.2,2.8011,M,8.318,M,00,0004*64
$GPHPD,0,0.000,58.06,1.81,-13.19,31.5907860,120.7785051,2.801,13632125.627,24926181.937,2.801,0.000,0.000,0.000,0.000,0.000,0.000,0.000,18,17,4*65
$GPGGA,075043.80,3135.4472451,N,12046.7104670,E,4,18,1.2,2.7996,M,8.318,M,00,0004*68
$GPHPD,0,0.000,57.88,0.61,-13.22,31.5907874,120.7785078,2.800,13632124.744,24926183.410,2.800,0.000,0.000,0.000,0.000,0.000,0.000,0.000,18,18,4*65
$GPGGA,075044.00,3135.4473332,N,12046.7106296,E,4,18,1.4,2.7855,M,8.318,M,01,0004*63
$GPHPD,0,0.000,58.14,0.90,-13.23,31.5907889,120.7785105,2.786,13632123.819,24926184.858,2.786,0.000,0.000,0.000,0.000,0.000,0.000,0.000,18,17,4*61
$GPGGA,075044.20,3135.4474178,N,12046.7107931,E,4,18,1.4,2.7943,M,8.318,M,01,0004*6B
$GPHPD,0,0.000,58.21,0.88,-13.25,31.5907903,120.7785132,2.794,13632122.946,24926186.337,2.794,0.000,0.000,0.000,0.000,0.000,0.000,0.000,18,17,4*65
$GPGGA,075044.40,3135.4475000,N,12046.7109610,E,4,18,1.2,2.8115,M,8.318,M,01,0004*62
$GPHPD,0,0.000,58.26,0.78,-13.27,31.5907917,120.7785160,2.812,13632122.115,24926187.883,2.812,0.000,0.000,0.000,0.000,0.000,0.000,0.000,18,17,4*66
$GPGGA,075044.60,3135.4475864,N,12046.7111215,E,4,18,1.2,2.8081,M,8.318,M,00,0004*6F
$GPHPD,0,0.000,58.21,0.39,-13.28,31.5907931,120.7785187,2.808,13632121.210,24926189.316,2.808,0.000,0.000,0.000,0.000,0.000,0.000,0.000,18,17,4*6A
$GPGGA,075044.80,3135.4476702,N,12046.7112862,E,4,18,1.2,2.8001,M,8.318,M,00,0004*6C
$GPHPD,0,0.000,58.44,0.49,-13.26,31.5907945,120.7785214,2.800,13632120.351,24926190.814,2.800,0.000,0.000,0.000,0.000,0.000,0.000,0.000,18,17,4*6E
$GPGGA,075045.00,3135.4477566,N,12046.7114506,E,4,18,1.6,2.7908,M,8.318,M,01,0004*67
$GPHPD,0,0.000,58.36,0.84,-13.27,31.5907959,120.7785242,2.791,13632119.453,24926192.294,2.791,0.000,0.000,0.000,0.000,0.000,0.000,0.000,18,17,4*6A
$GPGGA,075045.20,3135.4478395,N,12046.7116138,E,4,18,1.4,2.7965,M,8.318,M,01,0004*62
$GPHPD,0,0.000,58.38,0.73,-13.29,31.5907973,120.7785269,2.797,13632118.604,24926193.779,2.797,0.000,0.000,0.000,0.000,0.000,0.000,0.000,18,17,4*65
$GPGGA,075045.40,3135.4479261,N,12046.7117785,E,4,18,1.4,2.7952,M,8.318,M,01,0004*6A
$GPHPD,0,0.000,58.29,0.42,-13.27,31.5907988,120.7785296,2.795,13632117.704,24926195.261,2.795,0.000,0.000,0.000,0.000,0.000,0.000,0.000,18,17,4*69
$GPGGA,075045.60,3135.4480073,N,12046.7119391,E,4,18,1.4,2.7853,M,8.318,M,00,0004*61
$GPHPD,0,0.000,58.35,0.58,-13.26,31.5908001,120.7785323,2.785,13632116.873,24926196.725,2.785,0.000,0.000,0.000,0.000,0.000,0.000,0.000,18,17,4*6E
$GPGGA,075045.80,3135.4480915,N,12046.7121060,E,4,18,1.4,2.7935,M,8.318,M,00,0004*61
$GPHPD,0,0.000,58.24,1.00,-13.24,31.5908015,120.7785351,2.794,13632116.012,24926198.248,2.794,0.000,0.000,0.000,0.000,0.000,0.000,0.000,18,17,4*6F
$GPGGA,075046.00,3135.4481771,N,12046.7122727,E,4,18,1.6,2.7931,M,8.318,M,01,0004*67
$GPHPD,0,0.000,58.16,0.29,-13.22,31.5908030,120.7785379,2.793,13632115.131,24926199.760,2.793,0.000,0.000,0.000,0.000,0.000,0.000,0.000,18,17,4*62
$GPGGA,075046.20,3135.4482606,N,12046.7124342,E,4,18,1.6,2.7940,M,8.318,M,01,0004*60
$GPHPD,0,0.000,58.26,0.40,-13.23,31.5908043,120.7785406,2.794,13632114.269,24926201.221,2.794,0.000,0.000,0.000,0.000,0.000,0.000,0.000,18,17,4*69
$GPGGA,075046.40,3135.4483462,N,12046.7125985,E,4,18,1.6,2.7870,M,8.318,M,01,0004*65
$GPHPD,0,0.000,58.39,0.91,-13.23,31.5908058,120.7785433,2.787,13632113.383,24926202.705,2.787,0.000,0.000,0.000,0.000,0.000,0.000,0.000,18,17,4*65
$GPGGA,075046.60,3135.4484299,N,12046.7127673,E,4,17,1.6,2.7929,M,8.318,M,00,0004*65
$GPHPD,0,0.000,58.45,0.82,-13.24,31.5908072,120.7785461,2.793,13632112.533,24926204.253,2.793,0.000,0.000,0.000,0.000,0.000,0.000,0.000,17,18,4*68
$GPGGA,075046.80,3135.4485126,N,12046.7129313,E,4,17,1.6,2.7962,M,8.318,M,00,0004*6F
$GPHPD,0,0.000,58.46,0.78,-13.24,31.5908085,120.7785489,2.796,13632111.688,24926205.749,2.796,0.000,0.000,0.000,0.000,0.000,0.000,0.000,17,17,4*60
$GPGGA,075047.00,3135.4485991,N,12046.7130979,E,4,17,1.6,2.8026,M,8.318,M,01,0004*6B
$GPHPD,0,0.000,58.22,-1.31,-13.24,31.5908100,120.7785516,2.803,13632110.793,24926207.255,2.803,0.000,0.000,0.000,0.000,0.000,0.000,0.000,17,16,4*49
$GPGGA,075047.20,3135.4486833,N,12046.7132628,E,4,17,1.6,2.8048,M,8.318,M,01,0004*62
$GPHPD,0,0.000,58.53,0.92,-13.27,31.5908114,120.7785544,2.805,13632109.928,24926208.753,2.805,0.000,0.000,0.000,0.000,0.000,0.000,0.000,17,16,4*61
$GPGGA,075047.40,3135.4487663,N,12046.7134291,E,4,17,1.6,2.8112,M,8.318,M,01,0004*60
$GPHPD,0,0.000,58.62,0.87,-13.28,31.5908128,120.7785572,2.811,13632109.083,24926210.276,2.811,0.000,0.000,0.000,0.000,0.000,0.000,0.000,17,16,4*61
$GPGGA,075047.60,3135.4488526,N,12046.7135924,E,4,17,1.6,2.8125,M,8.318,M,00,0004*6E
$GPHPD,0,0.000,58.47,0.51,-13.31,31.5908142,120.7785599,2.813,13632108.185,24926211.743,2.813,0.000,0.000,0.000,0.000,0.000,0.000,0.000,17,16,4*68
$GPGGA,075047.80,3135.4489352,N,12046.7137574,E,4,17,1.6,2.8147,M,8.318,M,00,0004*6B
$GPHPD,0,0.000,58.59,0.31,-13.34,31.5908156,120.7785626,2.815,13632107.343,24926213.251,2.815,0.000,0.000,0.000,0.000,0.000,0.000,0.000,17,16,4*65
$GPGGA,075048.00,3135.4490183,N,12046.7139255,E,4,17,1.6,2.8218,M,8.319,M,01,0004*69
$GPHPD,0,0.000,58.54,0.13,-13.34,31.5908170,120.7785654,2.822,13632106.501,24926214.795,2.822,0.000,0.000,0.000,0.000,0.000,0.000,0.000,17,16,4*62
$GPGGA,075048.20,3135.4491034,N,12046.7140901,E,4,17,1.6,2.8217,M,8.319,M,01,0004*6C
$GPHPD,0,0.000,58.51,-0.01,-13.33,31.5908184,120.7785682,2.822,13632105.622,24926216.285,2.822,0.000,0.000,0.000,0.000,0.000,0.000,0.000,17,16,4*49
$GPGGA,075048.40,3135.4491856,N,12046.7142569,E,4,17,1.6,2.8264,M,8.319,M,01,0004*62
$GPHPD,0,0.000,58.77,0.04,-13.33,31.5908198,120.7785709,2.826,13632104.789,24926217.818,2.826,0.000,0.000,0.000,0.000,0.000,0.000,0.000,17,16,4*64
$GPGGA,075048.60,3135.4492710,N,12046.7144228,E,4,17,1.6,2.8153,M,8.319,M,00,0004*6C
$GPHPD,0,0.000,58.72,0.20,-13.32,31.5908212,120.7785737,2.815,13632103.909,24926219.321,2.815,0.000,0.000,0.000,0.000,0.000,0.000,0.000,17,16,4*64
$GPGGA,075048.80,3135.4493550,N,12046.7145895,E,4,17,1.6,2.8166,M,8.319,M,00,0004*6E
$GPHPD,0,0.000,58.95,1.04,-13.30,31.5908226,120.7785765,2.817,13632103.051,24926220.842,2.817,0.000,0.000,0.000,0.000,0.000,0.000,0.000,17,16,4*68
$GPGGA,075049.00,3135.4494386,N,12046.7147599,E,4,17,1.6,2.8312,M,8.319,M,01,0004*6E
$GPHPD,0,0.000,58.90,0.58,-13.28,31.5908240,120.7785793,2.831,13632102.206,24926222.411,2.831,0.000,0.000,0.000,0.000,0.000,0.000,0.000,17,16,4*6C
$GPGGA,075049.20,3135.4495197,N,12046.7149263,E,4,17,1.4,2.8391,M,8.319,M,01,0004*6A
$GPHPD,0,0.000,58.91,0.53,-13.28,31.5908253,120.7785821,2.839,13632101.388,24926223.945,2.839,0.000,0.000,0.000,0.000,0.000,0.000,0.000,17,16,4*6B
$GPGGA,075049.40,3135.4496033,N,12046.7150936,E,4,18,1.4,2.8403,M,8.319,M,01,0004*60
$GPHPD,0,0.000,59.02,0.62,-13.26,31.5908267,120.7785849,2.840,13632100.536,24926225.476,2.840,0.000,0.000,0.000,0.000,0.000,0.000,0.000,18,17,4*62
$GPGGA,075049.60,3135.4496852,N,12046.7152589,E,4,18,1.4,2.8499,M,8.319,M,00,0004*65
$GPHPD,0,0.000,59.14,0.63,-13.25,31.5908281,120.7785876,2.850,13632099.705,24926226.993,2.850,0.000,0.000,0.000,0.000,0.000,0.000,0.000,18,17,4*65
$GPGGA,075049.80,3135.4497675,N,12046.7154261,E,4,18,1.4,2.8546,M,8.319,M,00,0004*65
$GPHPD,0,0.000,59.27,0.45,-13.25,31.5908295,120.7785904,2.855,13632098.871,24926228.530,2.855,0.000,0.000,0.000,0.000,0.000,0.000,0.000,18,17,4*66
$GPGGA,075050.00,3135.4498492,N,12046.7155916,E,4,18,1.4,2.8513,M,8.319,M,01,0004*6A
$GPHPD,0,0.000,59.31,0.45,-13.26,31.5908308,120.7785932,2.851,13632098.043,24926230.050,2.851,0.000,0.000,0.000,0.000,0.000,0.000,0.000,18,17,4*61
$GPGGA,075050.20,3135.4499296,N,12046.7157595,E,4,18,1.4,2.8473,M,8.319,M,01,0004*69
$GPHPD,0,0.000,59.52,0.65,-13.27,31.5908322,120.7785960,2.847,13632097.238,24926231.607,2.847,0.000,0.000,0.000,0.000,0.000,0.000,0.000,18,17,4*6C
$GPGGA,075050.40,3135.4500116,N,12046.7159265,E,4,18,1.6,2.8442,M,8.319,M,01,0004*63
$GPHPD,0,0.000,59.51,0.81,-13.28,31.5908335,120.7785988,2.844,13632096.409,24926233.144,2.844,0.000,0.000,0.000,0.000,0.000,0.000,0.000,18,17,4*6D
$GPGGA,075050.60,3135.4500949,N,12046.7160937,E,4,18,1.6,2.8427,M,8.319,M,00,0004*67
$GPHPD,0,0.000,59.68,1.00,-13.28,31.5908349,120.7786016,2.843,13632095.561,24926234.675,2.843,0.000,0.000,0.000,0.000,0.000,0.000,0.000,18,17,4*67
$GPGGA,075050.80,3135.4501753,N,12046.7162617,E,4,18,1.6,2.8410,M,8.319,M,00,0004*66
$GPHPD,0,0.000,59.99,1.09,-13.29,31.5908363,120.7786044,2.841,13632094.757,24926236.233,2.841,0.000,0.000,0.000,0.000,0.000,0.000,0.000,18,17,4*6C
$GPGGA,075051.00,3135.4502548,N,12046.7164323,E,4,18,1.6,2.8467,M,8.319,M,01,0004*61
$GPHPD,0,0.000,60.05,1.11,-13.31,31.5908376,120.7786072,2.847,13632093.970,24926237.827,2.847,0.000,0.000,0.000,0.000,0.000,0.000,0.000,18,17,4*60
$GPGGA,075051.20,3135.4503362,N,12046.7165954,E,4,18,1.6,2.8475,M,8.319,M,01,0004*64
$GPHPD,0,0.000,60.07,0.70,-13.32,31.5908389,120.7786099,2.848,13632093.141,24926239.321,2.848,0.000,0.000,0.000,0.000,0.000,0.000,0.000,18,17,4*6B
$GPGGA,075051.40,3135.4504142,N,12046.7167635,E,4,18,1.6,2.8560,M,8.319,M,01,0004*6A
$GPHPD,0,0.000,60.15,0.27,-13.33,31.5908402,120.7786127,2.856,13632092.371,24926240.894,2.856,0.000,0.000,0.000,0.000,0.000,0.000,0.000,18,17,4*60
$GPGGA,075051.60,3135.4504911,N,12046.7169323,E,4,18,1.6,2.8674,M,8.319,M,00,0004*6D
$GPHPD,0,0.000,60.06,0.01,-13.34,31.5908415,120.7786155,2.867,13632091.618,24926242.482,2.867,0.000,0.000,0.000,0.000,0.000,0.000,0.000,18,17,4*62
$GPGGA,075051.80,3135.4505723,N,12046.7170989,E,4,18,1.6,2.8735,M,8.319,M,00,0004*6B
$GPHPD,0,0.000,60.13,-0.25,-13.34,31.5908429,120.7786183,2.874,13632090.799,24926244.018,2.874,0.000,0.000,0.000,0.000,0.000,0.000,0.000,18,17,4*41
$GPGGA,075052.00,3135.4506495,N,12046.7172682,E,4,18,1.6,2.8634,M,8.319,M,01,0004*6A
$GPHPD,0,0.000,60.06,-0.79,-13.32,31.5908442,120.7786211,2.863,13632090.042,24926245.610,2.863,0.000,0.000,0.000,0.000,0.000,0.000,0.000,18,17,4*41
$GPGGA,075052.20,3135.4507324,N,12046.7174397,E,4,18,1.6,2.8545,M,8.319,M,01,0004*66
$GPHPD,0,0.000,60.33,0.34,-13.30,31.5908455,120.7786240,2.855,13632089.209,24926247.196,2.855,0.000,0.000,0.000,0.000,0.000,0.000,0.000,18,17,4*6D
$GPGGA,075052.40,3135.4508130,N,12046.7176097,E,4,18,1.6,2.8578,M,8.319,M,01,0004*67
$GPHPD,0,0.000,60.50,0.72,-13.24,31.5908469,120.7786268,2.858,13632088.405,24926248.777,2.858,0.000,0.000,0.000,0.000,0.000,0.000,0.000,18,17,4*67
$GPGGA,075052.60,3135.4508942,N,12046.7177748,E,4,18,1.6,2.8526,M,8.319,M,00,0004*66
$GPHPD,0,0.000,60.34,0.14,-13.24,31.5908482,120.7786296,2.853,13632087.583,24926250.295,2.853,0.000,0.000,0.000,0.000,0.000,0.000,0.000,18,17,4*61
$GPGGA,075052.80,3135.4509747,N,12046.7179463,E,4,18,1.6,2.8645,M,8.319,M,00,0004*60
$GPHPD,0,0.000,60.49,0.44,-13.22,31.5908496,120.7786324,2.865,13632086.784,24926251.895,2.865,0.000,0.000,0.000,0.000,0.000,0.000,0.000,18,17,4*6A
$GPGGA,075053.00,3135.4510556,N,12046.7181163,E,4,18,1.6,2.8752,M,8.319,M,01,0004*67
$GPHPD,0,0.000,60.33,0.51,-13.20,31.5908509,120.7786353,2.875,13632085.977,24926253.474,2.875,0.000,0.000,0.000,0.000,0.000,0.000,0.000,18,17,4*66
$GPGGA,075053.20,3135.4511363,N,12046.7182858,E,4,18,1.6,2.8760,M,8.319,M,01,0004*67
$GPHPD,0,0.000,59.95,-0.28,-13.19,31.5908523,120.7786381,2.876,13632085.171,24926255.048,2.876,0.000,0.000,0.000,0.000,0.000,0.000,0.000,18,17,4*4D
$GPGGA,075053.40,3135.4512194,N,12046.7184537,E,4,18,1.6,2.8641,M,8.319,M,01,0004*68
$GPHPD,0,0.000,59.93,-0.08,-13.15,31.5908537,120.7786409,2.864,13632084.327,24926256.589,2.864,0.000,0.000,0.000,0.000,0.000,0.000,0.000,18,17,4*4C
$GPGGA,075053.60,3135.4512984,N,12046.7186240,E,4,18,1.4,2.8849,M,8.319,M,00,0004*63
$GPHPD,0,0.000,59.97,0.58,-13.12,31.5908550,120.7786437,2.885,13632083.547,24926258.183,2.885,0.000,0.000,0.000,0.000,0.000,0.000,0.000,18,17,4*6C
$GPGGA,075053.80,3135.4513813,N,12046.7187930,E,4,18,1.4,2.8808,M,8.319,M,00,0004*6B
$GPHPD,0,0.000,59.87,0.91,-13.14,31.5908564,120.7786466,2.881,13632082.709,24926259.739,2.881,0.000,0.000,0.000,0.000,0.000,0.000,0.000,18,17,4*62
$GPGGA,075054.00,3135.4514641,N,12046.7189617,E,4,18,1.2,2.8833,M,8.319,M,01,0004*61
$GPHPD,0,0.000,59.93,1.42,-13.15,31.5908577,120.7786494,2.883,13632081.872,24926261.291,2.883,0.000,0.000,0.000,0.000,0.000,0.000,0.000,18,17,4*6A
$GPGGA,075054.20,3135.4515480,N,12046.7191277,E,4,18,1.2,2.8848,M,8.319,M,01,0004*6A
$GPHPD,0,0.000,59.82,1.42,-13.21,31.5908591,120.7786521,2.885,13632081.013,24926262.804,2.885,0.000,0.000,0.000,0.000,0.000,0.000,0.000,18,17,4*60
$GPGGA,075054.40,3135.4516289,N,12046.7192997,E,4,18,1.2,2.8951,M,8.319,M,01,0004*6F
$GPHPD,0,0.000,59.78,1.43,-13.22,31.5908605,120.7786550,2.895,13632080.209,24926264.408,2.895,0.000,0.000,0.000,0.000,0.000,0.000,0.000,18,17,4*61
$GPGGA,075054.60,3135.4517100,N,12046.7194690,E,4,18,1.2,2.9140,M,8.319,M,00,0004*68
$GPHPD,0,0.000,59.83,1.51,-13.21,31.5908618,120.7786578,2.914,13632079.397,24926265.977,2.914,0.000,0.000,0.000,0.000,0.000,0.000,0.000,18,17,4*67
$GPGGA,075054.80,3135.4517954,N,12046.7196366,E,4,18,1.2,2.9057,M,8.319,M,00,0004*66
$GPHPD,0,0.000,59.81,1.30,-13.15,31.5908633,120.7786606,2.906,13632078.521,24926267.501,2.906,0.000,0.000,0.000,0.000,0.000,0.000,0.000,18,17,4*63
$GPGGA,075055.00,3135.4518757,N,12046.7198027,E,4,18,1.4,2.8994,M,8.319,M,01,0004*65
$GPHPD,0,0.000,59.78,1.25,-13.19,31.5908646,120.7786634,2.899,13632077.714,24926269.037,2.899,0.000,0.000,0.000,0.000,0.000,0.000,0.000,18,17,4*6B
$GPGGA,075055.20,3135.4519615,N,12046.7199712,E,4,18,1.4,2.8980,M,8.319,M,01,0004*64
$GPHPD,0,0.000,59.48,0.51,-13.17,31.5908660,120.7786662,2.898,13632076.833,24926270.569,2.898,0.000,0.000,0.000,0.000,0.000,0.000,0.000,18,17,4*6E
$GPGGA,075055.40,3135.4520459,N,12046.7201374,E,4,18,1.4,2.9011,M,8.319,M,01,0004*64
$GPHPD,0,0.000,59.44,-0.07,-13.20,31.5908674,120.7786690,2.901,13632075.968,24926272.082,2.901,0.000,0.000,0.000,0.000,0.000,0.000,0.000,18,17,4*4E
$GPGGA,075055.60,3135.4521280,N,12046.7203099,E,4,18,1.4,2.9075,M,8.319,M,00,0004*64
$GPHPD,0,0.000,59.38,0.42,-13.20,31.5908688,120.7786718,2.908,13632075.148,24926273.685,2.908,0.000,0.000,0.000,0.000,0.000,0.000,0.000,18,17,4*61
$GPGGA,075055.80,3135.4522104,N,12046.7204741,E,4,18,1.4,2.9034,M,8.319,M,00,0004*66
$GPHPD,0,0.000,59.11,-0.03,-13.16,31.5908702,120.7786746,2.903,13632074.307,24926275.185,2.903,0.000,0.000,0.000,0.000,0.000,0.000,0.000,18,17,4*46
$GPGGA,075056.00,3135.4522978,N,12046.7206433,E,4,18,1.4,2.8902,M,8.319,M,01,0004*66
$GPHPD,0,0.000,58.99,-0.17,-13.13,31.5908716,120.7786774,2.890,13632073.406,24926276.717,2.890,0.000,0.000,0.000,0.000,0.000,0.000,0.000,18,17,4*4C
$GPGGA,075056.20,3135.4523808,N,12046.7208091,E,4,18,1.4,2.8889,M,8.319,M,01,0004*63
$GPHPD,0,0.000,59.05,0.21,-13.13,31.5908730,120.7786802,2.889,13632072.560,24926278.233,2.889,0.000,0.000,0.000,0.000,0.000,0.000,0.000,18,17,4*67
$GPGGA,075056.40,3135.4524654,N,12046.7209766,E,4,18,1.4,2.8961,M,8.319,M,01,0004*6C
$GPHPD,0,0.000,58.78,0.13,-13.12,31.5908744,120.7786829,2.896,13632071.694,24926279.761,2.896,0.000,0.000,0.000,0.000,0.000,0.000,0.000,18,17,4*6E
$GPGGA,075056.60,3135.4525483,N,12046.7211394,E,4,18,1.2,2.9039,M,8.319,M,00,0004*65
$GPHPD,0,0.000,58.66,0.62,-13.12,31.5908758,120.7786857,2.904,13632070.843,24926281.241,2.904,0.000,0.000,0.000,0.000,0.000,0.000,0.000,18,17,4*66
$GPGGA,075056.80,3135.4526328,N,12046.7213080,E,4,18,1.2,2.9075,M,8.319,M,00,0004*62
$GPHPD,0,0.000,58.42,0.23,-13.07,31.5908772,120.7786885,2.908,13632069.982,24926282.783,2.908,0.000,0.000,0.000,0.000,0.000,0.000,0.000,18,17,4*6A
$GPGGA,075057.00,3135.4527192,N,12046.7214755,E,4,18,1.2,2.9037,M,8.319,M,01,0004*66
$GPHPD,0,0.000,58.16,0.27,-13.02,31.5908787,120.7786913,2.904,13632069.091,24926284.300,2.904,0.000,0.000,0.000,0.000,0.000,0.000,0.000,18,17,4*6C
$GPGGA,075057.20,3135.4528077,N,12046.7216413,E,4,18,1.2,2.8941,M,8.319,M,01,0004*6B
$GPHPD,0,0.000,58.14,-0.05,-13.03,31.5908801,120.7786940,2.894,13632068.166,24926285.784,2.894,0.000,0.000,0.000,0.000,0.000,0.000,0.000,18,17,4*44
$GPGGA,075057.40,3135.4528931,N,12046.7218090,E,4,18,1.2,2.9055,M,8.319,M,01,0004*6A
$GPHPD,0,0.000,58.20,0.96,-13.00,31.5908816,120.7786968,2.906,13632067.290,24926287.309,2.906,0.000,0.000,0.000,0.000,0.000,0.000,0.000,18,17,4*6D
$GPGGA,075057.60,3135.4529798,N,12046.7219740,E,4,18,1.2,2.8923,M,8.319,M,01,0004*66
$GPHPD,0,0.000,57.96,-0.31,-12.97,31.5908830,120.7786996,2.892,13632066.390,24926288.794,2.892,0.000,0.000,0.000,0.000,0.000,0.000,0.000,18,17,4*4A
$GPGGA,075057.80,3135.4530710,N,12046.7221439,E,4,18,1.2,2.8969,M,8.319,M,01,0004*68
$GPHPD,0,0.000,58.15,0.72,-12.93,31.5908845,120.7787024,2.897,13632065.435,24926290.312,2.897,0.000,0.000,0.000,0.000,0.000,0.000,0.000,18,17,4*6B
$GPGGA,075058.00,3135.4531545,N,12046.7223109,E,4,18,1.2,2.8982,M,8.319,M,02,0004*6E
$GPHPD,0,0.000,58.03,0.58,-12.92,31.5908859,120.7787052,2.898,13632064.585,24926291.840,2.898,0.000,0.000,0.000,0.000,0.000,0.000,0.000,18,17,4*6F
$GPGGA,075058.20,3135.4532434,N,12046.7224796,E,4,18,1.2,2.9083,M,8.319,M,02,0004*66
$GPHPD,0,0.000,57.87,0.32,-12.92,31.5908874,120.7787080,2.908,13632063.660,24926293.357,2.908,0.000,0.000,0.000,0.000,0.000,0.000,0.000,18,17,4*60
$GPGGA,075058.40,3135.4533305,N,12046.7226454,E,4,18,1.2,2.9043,M,8.319,M,02,0004*67
$GPHPD,0,0.000,57.73,-0.27,-12.95,31.5908888,120.7787108,2.904,13632062.756,24926294.849,2.904,0.000,0.000,0.000,0.000,0.000,0.000,0.000,18,17,4*41
$GPGGA,075058.60,3135.4534169,N,12046.7228118,E,4,18,1.2,2.9137,M,8.319,M,02,0004*6B
$GPHPD,0,0.000,58.00,1.06,-12.99,31.5908903,120.7787135,2.914,13632061.863,24926296.353,2.914,0.000,0.000,0.000,0.000,0.000,0.000,0.000,18,17,4*6D
$GPGGA,075058.80,3135.4535038,N,12046.7229769,E,4,18,1.2,2.9158,M,8.319,M,00,0004*6B
$GPHPD,0,0.000,57.72,0.22,-13.04,31.5908917,120.7787163,2.916,13632060.960,24926297.838,2.916,0.000,0.000,0.000,0.000,0.000,0.000,0.000,18,17,4*67
$GPGGA,075059.00,3135.4535930,N,12046.7231417,E,4,18,1.2,2.9035,M,8.319,M,01,0004*6B
$GPHPD,0,0.000,57.46,-0.62,-13.05,31.5908932,120.7787190,2.904,13632060.024,24926299.306,2.904,0.000,0.000,0.000,0.000,0.000,0.000,0.000,18,17,4*42
$GPGGA,075059.20,3135.4536821,N,12046.7233109,E,4,18,1.2,2.8961,M,8.319,M,01,0004*6A
$GPHPD,0,0.000,57.87,0.04,-13.02,31.5908947,120.7787218,2.896,13632059.098,24926300.828,2.896,0.000,0.000,0.000,0.000,0.000,0.000,0.000,18,17,4*6F
$GPGGA,075059.40,3135.4537714,N,12046.7234797,E,4,18,1.2,2.9154,M,8.319,M,01,0004*6D
$GPHPD,0,0.000,57.72,-0.15,-12.98,31.5908962,120.7787247,2.915,13632058.168,24926302.344,2.915,0.000,0.000,0.000,0.000,0.000,0.000,0.000,18,17,4*4B
$GPGGA,075059.60,3135.4538610,N,12046.7236484,E,4,18,1.2,2.9099,M,8.319,M,01,0004*66
$GPHPD,0,0.000,57.73,-0.72,-12.97,31.5908977,120.7787275,2.910,13632057.234,24926303.857,2.910,0.000,0.000,0.000,0.000,0.000,0.000,0.000,18,17,4*4C
$GPGGA,075059.80,3135.4539535,N,12046.7238164,E,4,18,1.2,2.8865,M,8.319,M,01,0004*62
$GPHPD,0,0.000,57.67,-0.35,-12.93,31.5908992,120.7787303,2.887,13632056.257,24926305.344,2.887,0.000,0.000,0.000,0.000,0.000,0.000,0.000,18,17,4*4E
$GPGGA,075100.00,3135.4540382,N,12046.7239858,E,4,18,1.2,2.8966,M,8.319,M,02,0004*65
$GPHPD,0,0.000,57.70,0.62,-12.89,31.5909006,120.7787331,2.897,13632055.394,24926306.894,2.897,0.000,0.000,0.000,0.000,0.000,0.000,0.000,18,17,4*60
$GPGGA,075100.20,3135.4541324,N,12046.7241512,E,4,18,1.2,2.8857,M,8.319,M,02,0004*65
$GPHPD,0,0.000,57.42,0.61,-12.85,31.5909022,120.7787359,2.886,13632054.388,24926308.340,2.886,0.000,0.000,0.000,0.000,0.000,0.000,0.000,18,17,4*66
$GPGGA,075100.40,3135.4542204,N,12046.7243199,E,4,18,1.2,2.8866,M,8.319,M,02,0004*64
$GPHPD,0,0.000,57.34,0.86,-12.82,31.5909037,120.7787387,2.887,13632053.477,24926309.862,2.887,0.000,0.000,0.000,0.000,0.000,0.000,0.000,18,17,4*64
$GPGGA,075100.60,3135.4543103,N,12046.7244844,E,4,18,1.2,2.8984,M,8.319,M,02,0004*60
$GPHPD,0,0.000,56.88,-0.06,-12.79,31.5909052,120.7787414,2.898,13632052.530,24926311.323,2.898,0.000,0.000,0.000,0.000,0.000,0.000,0.000,18,17,4*49
$GPGGA,075100.80,3135.4543997,N,12046.7246492,E,4,18,1.2,2.9064,M,8.319,M,00,0004*6A
$GPHPD,0,0.000,57.04,0.60,-12.82,31.5909067,120.7787442,2.906,13632051.591,24926312.790,2.906,0.000,0.000,0.000,0.000,0.000,0.000,0.000,18,17,4*67
$GPGGA,075101.00,3135.4544868,N,12046.7248118,E,4,18,1.2,2.9228,M,8.319,M,01,0004*67
$GPHPD,0,0.000,56.97,-0.05,-12.91,31.5909081,120.7787469,2.923,13632050.680,24926314.244,2.923,0.000,0.000,0.000,0.000,0.000,0.000,0.000,18,17,4*49
$GPGGA,075101.20,3135.4545747,N,12046.7249692,E,4,18,1.2,2.9175,M,8.319,M,01,0004*69
$GPHPD,0,0.000,56.59,-0.29,-12.97,31.5909096,120.7787495,2.918,13632049.748,24926315.630,2.918,0.000,0.000,0.000,0.000,0.000,0.000,0.000,18,17,4*4D
$GPGGA,075101.40,3135.4546582,N,12046.7251315,E,4,18,1.2,2.9060,M,8.319,M,01,0004*61
$GPHPD,0,0.000,56.73,-0.19,-13.02,31.5909110,120.7787522,2.906,13632048.887,24926317.101,2.906,0.000,0.000,0.000,0.000,0.000,0.000,0.000,18,18,4*4C
$GPGGA,075101.60,3135.4547412,N,12046.7252821,E,4,18,1.2,2.9276,M,8.319,M,00,0004*61
$GPHPD,0,0.000,56.87,0.97,-13.06,31.5909124,120.7787547,2.928,13632048.011,24926318.434,2.928,0.000,0.000,0.000,0.000,0.000,0.000,0.000,18,18,4*67
$GPGGA,075101.80,3135.4548179,N,12046.7254255,E,4,18,1.2,2.9128,M,8.319,M,00,0004*6F
$GPHPD,0,0.000,56.33,-0.66,-13.08,31.5909136,120.7787571,2.913,13632047.209,24926319.717,2.913,0.000,0.000,0.000,0.000,0.000,0.000,0.000,18,17,4*4B
$GPGGA,075102.00,3135.4548954,N,12046.7255552,E,4,18,1.2,2.9017,M,8.319,M,01,0004*6E
$GPHPD,0,0.000,56.48,0.22,-13.07,31.5909149,120.7787593,2.902,13632046.369,24926320.830,2.902,0.000,0.000,0.000,0.000,0.000,0.000,0.000,18,17,4*67
$GPGGA,075102.20,3135.4549678,N,12046.7256898,E,4,18,1.2,2.9117,M,8.319,M,01,0004*65
$GPHPD,0,0.000,56.90,1.14,-13.05,31.5909161,120.7787615,2.912,13632045.610,24926322.032,2.912,0.000,0.000,0.000,0.000,0.000,0.000,0.000,18,17,4*63
$GPGGA,075102.40,3135.4550362,N,12046.7258177,E,4,18,1.2,2.9031,M,8.319,M,01,0004*66
$GPHPD,0,0.000,56.69,0.37,-13.05,31.5909173,120.7787636,2.903,13632044.895,24926323.176,2.903,0.000,0.000,0.000,0.000,0.000,0.000,0.000,18,17,4*65
$GPGGA,075102.60,3135.4551020,N,12046.7259406,E,4,18,1.2,2.9148,M,8.319,M,00,0004*6C
$GPHPD,0,0.000,56.70,0.38,-13.00,31.5909184,120.7787657,2.915,13632044.208,24926324.275,2.915,0.000,0.000,0.000,0.000,0.000,0.000,0.000,18,17,4*61
$GPGGA,075102.80,3135.4551680,N,12046.7260591,E,4,18,1.2,2.9072,M,8.319,M,00,0004*63
$GPHPD,0,0.000,56.69,0.50,-12.91,31.5909195,120.7787677,2.907,13632043.508,24926325.320,2.907,0.000,0.000,0.000,0.000,0.000,0.000,0.000,18,17,4*6C
$GPGGA,075103.00,3135.4552307,N,12046.7261740,E,4,18,1.2,2.9151,M,8.319,M,01,0004*6D
$GPHPD,0,0.000,56.90,0.75,-12.84,31.5909205,120.7787696,2.915,13632042.848,24926326.340,2.915,0.000,0.000,0.000,0.000,0.000,0.000,0.000,18,17,4*61
$GPGGA,075103.20,3135.4552883,N,12046.7262852,E,4,18,1.2,2.9180,M,8.319,M,01,0004*6B
$GPHPD,0,0.000,56.89,0.43,-12.79,31.5909215,120.7787714,2.918,13632042.253,24926327.346,2.918,0.000,0.000,0.000,0.000,0.000,0.000,0.000,18,17,4*63
$GPGGA,075103.40,3135.4553481,N,12046.7263900,E,4,18,1.2,2.9179,M,8.319,M,01,0004*63
$GPHPD,0,0.000,56.85,0.58,-12.75,31.5909225,120.7787732,2.918,13632041.614,24926328.262,2.918,0.000,0.000,0.000,0.000,0.000,0.000,0.000,18,17,4*62
$GPGGA,075103.60,3135.4554016,N,12046.7264914,E,4,18,1.2,2.9109,M,8.319,M,00,0004*68
$GPHPD,0,0.000,57.07,0.47,-12.70,31.5909234,120.7787749,2.911,13632041.057,24926329.173,2.911,0.000,0.000,0.000,0.000,0.000,0.000,0.000,18,17,4*6D
$GPGGA,075103.80,3135.4554530,N,12046.7265873,E,4,18,1.2,2.9286,M,8.319,M,00,0004*62
$GPHPD,0,0.000,57.02,1.04,-12.63,31.5909242,120.7787765,2.929,13632040.520,24926330.031,2.929,0.000,0.000,0.000,0.000,0.000,0.000,0.000,18,17,4*68
$GPGGA,075104.00,3135.4555009,N,12046.7266729,E,4,18,1.2,2.9255,M,8.319,M,01,0004*6F
$GPHPD,0,0.000,56.91,0.27,-12.55,31.5909250,120.7787779,2.926,13632040.011,24926330.784,2.926,0.000,0.000,0.000,0.000,0.000,0.000,0.000,18,17,4*66
$GPGGA,075104.20,3135.4555453,N,12046.7267579,E,4,18,1.2,2.9330,M,8.319,M,01,0004*62
$GPHPD,0,0.000,57.13,0.61,-12.48,31.5909258,120.7787793,2.933,13632039.551,24926331.551,2.933,0.000,0.000,0.000,0.000,0.000,0.000,0.000,18,17,4*6B
$GPGGA,075104.40,3135.4555870,N,12046.7268370,E,4,18,1.2,2.9292,M,8.319,M,01,0004*60
$GPHPD,0,0.000,56.90,0.05,-12.43,31.5909265,120.7787806,2.929,13632039.118,24926332.262,2.929,0.000,0.000,0.000,0.000,0.000,0.000,0.000,18,17,4*68
$GPGGA,075104.60,3135.4556249,N,12046.7269072,E,4,18,1.2,2.9357,M,8.319,M,00,0004*68
$GPHPD,0,0.000,56.91,0.32,-12.39,31.5909271,120.7787818,2.936,13632038.720,24926332.888,2.936,0.000,0.000,0.000,0.000,0.000,0.000,0.000,18,17,4*68
$GPGGA,075104.80,3135.4556588,N,12046.7269690,E,4,18,1.2,2.9317,M,8.319,M,00,0004*62
$GPHPD,0,0.000,56.93,0.27,-12.35,31.5909276,120.7787828,2.932,13632038.363,24926333.436,2.932,0.000,0.000,0.000,0.000,0.000,0.000,0.000,18,17,4*6D
$GPGGA,075105.00,3135.4556909,N,12046.7270302,E,4,18,1.2,2.9386,M,8.319,M,01,0004*61
$GPHPD,0,0.000,57.09,0.63,-12.31,31.5909282,120.7787838,2.939,13632038.030,24926333.987,2.939,0.000,0.000,0.000,0.000,0.000,0.000,0.000,18,17,4*63
$GPGGA,075105.20,3135.4557192,N,12046.7270806,E,4,18,1.2,2.9361,M,8.319,M,01,0004*6E
$GPHPD,0,0.000,56.94,0.15,-12.29,31.5909287,120.7787847,2.936,13632037.729,24926334.430,2.936,0.000,0.000,0.000,0.000,0.000,0.000,0.000,18,17,4*65
$GPGGA,075105.40,3135.4557423,N,12046.7271271,E,4,18,1.2,2.9374,M,8.319,M,01,0004*68
$GPHPD,0,0.000,57.07,0.32,-12.26,31.5909290,120.7787855,2.937,13632037.494,24926334.856,2.937,0.000,0.000,0.000,0.000,0.000,0.000,0.000,18,17,4*68
$GPGGA,075105.60,3135.4557639,N,12046.7271659,E,4,18,1.2,2.9390,M,8.319,M,00,0004*66
$GPHPD,0,0.000,56.95,0.17,-12.25,31.5909294,120.7787861,2.939,13632037.265,24926335.198,2.939,0.000,0.000,0.000,0.000,0.000,0.000,0.000,18,17,4*67
$GPGGA,075105.80,3135.4557813,N,12046.7272006,E,4,18,1.2,2.9429,M,8.319,M,00,0004*64
$GPHPD,0,0.000,57.05,0.27,-12.24,31.5909297,120.7787867,2.943,13632037.088,24926335.515,2.943,0.000,0.000,0.000,0.000,0.000,0.000,0.000,18,17,4*68
$GPGGA,075106.00,3135.4557945,N,12046.7272252,E,4,18,1.2,2.9370,M,8.319,M,01,0004*64
$GPHPD,0,0.000,57.02,0.23,-12.23,31.5909299,120.7787871,2.937,13632036.950,24926335.735,2.937,0.000,0.000,0.000,0.000,0.000,0.000,0.000,18,17,4*68
$GPGGA,075106.20,3135.4558076,N,12046.7272498,E,4,18,1.2,2.9445,M,8.319,M,01,0004*61
$GPHPD,0,0.000,57.05,0.38,-12.24,31.5909301,120.7787875,2.945,13632036.813,24926335.956,2.945,0.000,0.000,0.000,0.000,0.000,0.000,0.000,18,17,4*6B
$GPGGA,075106.40,3135.4558182,N,12046.7272689,E,4,18,1.2,2.9415,M,8.319,M,01,0004*6A
$GPHPD,0,0.000,57.06,0.29,-12.27,31.5909303,120.7787878,2.942,13632036.701,24926336.124,2.942,0.000,0.000,0.000,0.000,0.000,0.000,0.000,18,17,4*66
$GPGGA,075106.60,3135.4558301,N,12046.7272845,E,4,18,1.2,2.9374,M,8.319,M,00,0004*6E
$GPHPD,0,0.000,57.09,0.32,-12.31,31.5909305,120.7787881,2.937,13632036.563,24926336.243,2.937,0.000,0.000,0.000,0.000,0.000,0.000,0.000,18,17,4*60
$GPGGA,075106.80,3135.4558393,N,12046.7273065,E,4,18,1.2,2.9349,M,8.319,M,00,0004*6E
$GPHPD,0,0.000,57.13,0.46,-12.36,31.5909307,120.7787884,2.935,13632036.476,24926336.455,2.935,0.000,0.000,0.000,0.000,0.000,0.000,0.000,18,17,4*6C
$GPGGA,075107.00,3135.4558484,N,12046.7273250,E,4,18,1.2,2.9455,M,8.319,M,01,0004*69
$GPHPD,0,0.000,57.17,0.43,-12.39,31.5909308,120.7787888,2.946,13632036.384,24926336.625,2.946,0.000,0.000,0.000,0.000,0.000,0.000,0.000,18,17,4*6E
$GPGGA,075107.20,3135.4558569,N,12046.7273430,E,4,18,1.2,2.9434,M,8.319,M,01,0004*6E
$GPHPD,0,0.000,57.00,0.36,-12.38,31.5909309,120.7787891,2.943,13632036.300,24926336.793,2.943,0.000,0.000,0.000,0.000,0.000,0.000,0.000,18,17,4*62
$GPGGA,075107.40,3135.4558643,N,12046.7273569,E,4,18,1.2,2.9406,M,8.319,M,01,0004*6F
$GPHPD,0,0.000,56.95,0.14,-12.36,31.5909311,120.7787893,2.941,13632036.222,24926336.917,2.941,0.000,0.000,0.000,0.000,0.000,0.000,0.000,18,17,4*69
$GPGGA,075107.60,3135.4558710,N,12046.7273681,E,4,18,1.2,2.9390,M,8.319,M,00,0004*66
$GPHPD,0,0.000,57.00,0.39,-12.35,31.5909312,120.7787895,2.939,13632036.150,24926337.013,2.939,0.000,0.000,0.000,0.000,0.000,0.000,0.000,18,17,4*67
$GPGGA,075107.80,3135.4558751,N,12046.7273728,E,4,18,1.2,2.9441,M,8.319,M,00,0004*64
$GPHPD,0,0.000,57.04,0.40,-12.36,31.5909313,120.7787895,2.944,13632036.101,24926337.046,2.944,0.000,0.000,0.000,0.000,0.000,0.000,0.000,18,17,4*6B
$GPGGA,075108.00,3135.4558780,N,12046.7273763,E,4,18,1.2,2.9419,M,8.319,M,01,0004*6C
$GPHPD,0,0.000,57.16,0.66,-12.36,31.5909313,120.7787896,2.942,13632036.067,24926337.071,2.942,0.000,0.000,0.000,0.000,0.000,0.000,0.000,18,17,4*6A
$GPGGA,075108.20,3135.4558778,N,12046.7273769,E,4,18,1.2,2.9412,M,8.319,M,01,0004*68
$GPHPD,0,0.000,57.17,0.39,-12.36,31.5909313,120.7787896,2.941,13632036.071,24926337.080,2.941,0.000,0.000,0.000,0.000,0.000,0.000,0.000,18,17,4*68
$GPGGA,075108.40,3135.4558772,N,12046.7273787,E,4,18,1.2,2.9401,M,8.319,M,01,0004*66
$GPHPD,0,0.000,57.05,0.67,-12.39,31.5909313,120.7787896,2.940,13632036.083,24926337.105,2.940,0.000,0.000,0.000,0.000,0.000,0.000,0.000,18,17,4*6E
$GPGGA,075108.60,3135.4558779,N,12046.7273816,E,4,18,1.2,2.9411,M,8.319,M,00,0004*68
$GPHPD,0,0.000,57.12,0.41,-12.44,31.5909313,120.7787897,2.941,13632036.079,24926337.136,2.941,0.000,0.000,0.000,0.000,0.000,0.000,0.000,18,17,4*62
$GPGGA,075108.80,3135.4558765,N,12046.7273792,E,4,18,1.2,2.9449,M,8.319,M,00,0004*65
$GPHPD,0,0.000,57.13,0.55,-12.47,31.5909313,120.7787897,2.945,13632036.094,24926337.115,2.945,0.000,0.000,0.000,0.000,0.000,0.000,0.000,18,17,4*67
$GPGGA,075109.00,3135.4558760,N,12046.7273788,E,4,18,1.2,2.9454,M,8.319,M,01,0004*6F
$GPHPD,0,0.000,57.04,0.34,-12.50,31.5909313,120.7787896,2.945,13632036.100,24926337.113,2.945,0.000,0.000,0.000,0.000,0.000,0.000,0.000,18,17,4*6B
$GPGGA,075109.20,3135.4558767,N,12046.7273803,E,4,18,1.2,2.9445,M,8.319,M,01,0004*66
$GPHPD,0,0.000,56.96,0.20,-12.53,31.5909313,120.7787897,2.945,13632036.093,24926337.127,2.945,0.000,0.000,0.000,0.000,0.000,0.000,0.000,18,17,4*6A
$GPGGA,075109.40,3135.4558769,N,12046.7273805,E,4,18,1.2,2.9454,M,8.319,M,01,0004*68
$GPHPD,0,0.000,57.16,0.50,-12.56,31.5909313,120.7787897,2.945,13632036.091,24926337.128,2.945,0.000,0.000,0.000,0.000,0.000,0.000,0.000,18,17,4*6C
$GPGGA,075109.60,3135.4558775,N,12046.7273790,E,4,18,1.2,2.9426,M,8.319,M,00,0004*60
$GPHPD,0,0.000,57.03,0.23,-12.59,31.5909313,120.7787897,2.943,13632036.079,24926337.107,2.943,0.000,0.000,0.000,0.000,0.000,0.000,0.000,18,17,4*68
$GPGGA,075109.80,3135.4558773,N,12046.7273790,E,4,18,1.2,2.9349,M,8.319,M,00,0004*66
$GPHPD,0,0.000,57.12,0.42,-12.61,31.5909313,120.7787897,2.935,13632036.082,24926337.108,2.935,0.000,0.000,0.000,0.000,0.000,0.000,0.000,18,17,4*6F
$GPGGA,075110.00,3135.4558784,N,12046.7273785,E,4,18,1.2,2.9390,M,8.319,M,01,0004*6F
$GPHPD,0,0.000,57.17,0.81,-12.63,31.5909313,120.7787896,2.939,13632036.065,24926337.096,2.939,0.000,0.000,0.000,0.000,0.000,0.000,0.000,18,17,4*69
$GPGGA,075110.20,3135.4558765,N,12046.7273788,E,4,18,1.2,2.9409,M,8.319,M,01,0004*68
$GPHPD,0,0.000,57.08,0.35,-12.65,31.5909313,120.7787896,2.941,13632036.093,24926337.110,2.941,0.000,0.000,0.000,0.000,0.000,0.000,0.000,18,17,4*68
$GPGGA,075110.40,3135.4558776,N,12046.7273771,E,4,18,1.2,2.9410,M,8.319,M,01,0004*62
$GPHPD,0,0.000,57.10,0.55,-12.67,31.5909313,120.7787896,2.941,13632036.074,24926337.083,2.941,0.000,0.000,0.000,0.000,0.000,0.000,0.000,18,17,4*67
$GPGGA,075110.60,3135.4558768,N,12046.7273813,E,4,18,1.2,2.9419,M,8.319,M,00,0004*6C
$GPHPD,0,0.000,57.12,0.52,-12.69,31.5909313,120.7787897,2.942,13632036.094,24926337.139,2.942,0.000,0.000,0.000,0.000,0.000,0.000,0.000,18,17,4*63
$GPGGA,075110.80,3135.4558772,N,12046.7273797,E,4,18,1.2,2.9387,M,8.319,M,00,0004*6A
$GPHPD,0,0.000,56.96,0.32,-12.73,31.5909313,120.7787897,2.939,13632036.085,24926337.117,2.939,0.000,0.000,0.000,0.000,0.000,0.000,0.000,18,17,4*6F
$GPGGA,075111.00,3135.4558798,N,12046.7273828,E,4,18,1.2,2.9358,M,8.319,M,01,0004*6F
$GPHPD,0,0.000,57.10,0.54,-12.82,31.5909313,120.7787897,2.936,13632036.054,24926337.139,2.936,0.000,0.000,0.000,0.000,0.000,0.000,0.000,18,17,4*6E
$GPGGA,075111.20,3135.4558856,N,12046.7273928,E,4,18,1.2,2.9354,M,8.319,M,01,0004*6D
$GPHPD,0,0.000,57.13,0.77,-12.92,31.5909314,120.7787899,2.935,13632035.992,24926337.226,2.935,0.000,0.000,0.000,0.000,0.000,0.000,0.000,18,17,4*69
$GPGGA,075111.40,3135.4558929,N,12046.7274072,E,4,18,1.2,2.9333,M,8.319,M,01,0004*62
$GPHPD,0,0.000,57.19,0.54,-13.01,31.5909315,120.7787901,2.933,13632035.917,24926337.357,2.933,0.000,0.000,0.000,0.000,0.000,0.000,0.000,18,17,4*62
