$GPGGA,075235.20,3135.5162153,N,12046.8502561,E,4,15,2.0,2.5503,M,8.327,M,01,0004*6E
$GPHPD,0,0.000,59.18,0.05,-12.75,31.5919369,120.7808376,2.550,13631425.682,24927467.654,2.550,0.000,0.000,0.000,0.000,0.000,0.000,0.000,15,14,4*6D
$GPGGA,075235.40,3135.5166725,N,12046.8511790,E,4,15,2.0,2.5583,M,8.327,M,01,0004*6D
$GPHPD,0,0.000,59.19,0.02,-12.42,31.5919445,120.7808530,2.558,13631421.040,24927476.122,2.558,0.000,0.000,0.000,0.000,0.000,0.000,0.000,15,14,4*68
$GPGGA,075235.60,3135.5171121,N,12046.8520578,E,4,15,2.0,2.5531,M,8.327,M,00,0004*65
$GPHPD,0,0.000,59.02,-0.41,-11.97,31.5919519,120.7808676,2.553,13631416.559,24927484.160,2.553,0.000,0.000,0.000,0.000,0.000,0.000,0.000,15,14,4*48
$GPGGA,075235.80,3135.5175277,N,12046.8528917,E,4,15,2.0,2.5601,M,8.327,M,00,0004*62
$GPHPD,0,0.000,59.14,0.04,-11.55,31.5919588,120.7808815,2.560,13631412.330,24927491.797,2.560,0.000,0.000,0.000,0.000,0.000,0.000,0.000,15,14,4*69
$GPGGA,075236.00,3135.5179193,N,12046.8536801,E,4,15,2.0,2.5606,M,8.327,M,01,0004*63
$GPHPD,0,0.000,59.30,-0.12,-11.12,31.5919653,120.7808947,2.561,13631408.350,24927499.024,2.561,0.000,0.000,0.000,0.000,0.000,0.000,0.000,15,14,4*4F
$GPGGA,075236.20,3135.5182879,N,12046.8544209,E,4,14,2.0,2.5809,M,8.327,M,01,0004*6F
$GPHPD,0,0.000,59.16,-0.35,-10.65,31.5919715,120.7809070,2.581,13631404.601,24927505.812,2.581,0.000,0.000,0.000,0.000,0.000,0.000,0.000,14,14,4*45
$GPGGA,075236.40,3135.5186337,N,12046.8551066,E,4,15,2.0,2.5834,M,8.327,M,01,0004*6C
$GPHPD,0,0.000,58.77,-2.27,-10.16,31.5919772,120.7809184,2.583,13631401.065,24927512.068,2.583,0.000,0.000,0.000,0.000,0.000,0.000,0.000,15,14,4*4E
$GPGGA,075236.60,3135.5189544,N,12046.8557397,E,4,15,2.0,2.5824,M,8.327,M,00,0004*68
$GPHPD,0,0.000,58.78,-2.24,-9.83,31.5919826,120.7809290,2.582,13631397.780,24927517.835,2.582,0.000,0.000,0.000,0.000,0.000,0.000,0.000,15,14,4*7F
$GPGGA,075236.80,3135.5192518,N,12046.8563303,E,4,14,2.0,2.5820,M,8.327,M,00,0004*6A
$GPHPD,0,0.000,58.73,-2.38,-9.48,31.5919875,120.7809388,2.582,13631394.741,24927523.226,2.582,0.000,0.000,0.000,0.000,0.000,0.000,0.000,14,13,4*77
$GPGGA,075237.00,3135.5195216,N,12046.8568743,E,4,14,2.0,2.5877,M,8.327,M,01,0004*65
$GPHPD,0,0.000,58.96,0.10,-9.11,31.5919920,120.7809479,2.588,13631392.000,24927528.215,2.588,0.000,0.000,0.000,0.000,0.000,0.000,0.000,14,13,4*52
$GPGGA,075237.20,3135.5197728,N,12046.8573645,E,4,14,2.0,2.6115,M,8.327,M,01,0004*6E
$GPHPD,0,0.000,58.76,0.54,-8.72,31.5919962,120.7809561,2.612,13631389.416,24927532.664,2.612,0.000,0.000,0.000,0.000,0.000,0.000,0.000,14,13,4*56
$GPGGA,075237.40,3135.5199970,N,12046.8578059,E,4,17,1.6,2.5922,M,8.327,M,01,0004*6C
$GPHPD,0,0.000,58.86,-0.05,-8.32,31.5920000,120.7809634,2.592,13631387.117,24927536.682,2.592,0.000,0.000,0.000,0.000,0.000,0.000,0.000,17,15,4*73
$GPGGA,075237.60,3135.5201947,N,12046.8581887,E,4,17,1.6,2.6068,M,8.327,M,00,0004*60
$GPHPD,0,0.000,58.67,0.48,-7.89,31.5920032,120.7809698,2.607,13631385.077,24927540.147,2.607,0.000,0.000,0.000,0.000,0.000,0.000,0.000,17,15,4*5A
$GPGGA,075237.80,3135.5203643,N,12046.8585227,E,4,17,1.6,2.6068,M,8.327,M,00,0004*63
$GPHPD,0,0.000,58.46,-0.46,-7.49,31.5920061,120.7809754,2.607,13631383.338,24927543.187,2.607,0.000,0.000,0.000,0.000,0.000,0.000,0.000,17,15,4*70
$GPGGA,075238.00,3135.5205057,N,12046.8588031,E,4,16,1.6,2.6198,M,8.327,M,01,0004*67
$GPHPD,0,0.000,58.67,0.09,-7.10,31.5920084,120.7809801,2.620,13631381.892,24927545.745,2.620,0.000,0.000,0.000,0.000,0.000,0.000,0.000,16,15,4*5B
$GPGGA,075238.20,3135.5206213,N,12046.8590246,E,4,16,1.6,2.6112,M,8.327,M,01,0004*6D
$GPHPD,0,0.000,58.04,-0.48,-6.79,31.5920104,120.7809837,2.611,13631380.695,24927547.744,2.611,0.000,0.000,0.000,0.000,0.000,0.000,0.000,16,15,4*7F
$GPGGA,075238.40,3135.5207059,N,12046.8591910,E,4,16,1.6,2.6076,M,8.327,M,01,0004*6C
$GPHPD,0,0.000,58.50,0.23,-6.48,31.5920118,120.7809865,2.608,13631379.827,24927549.258,2.608,0.000,0.000,0.000,0.000,0.000,0.000,0.000,16,15,4*51
$GPGGA,075238.60,3135.5207696,N,12046.8593095,E,4,17,1.6,2.6141,M,8.327,M,00,0004*68
$GPHPD,0,0.000,58.53,0.59,-6.27,31.5920128,120.7809885,2.614,13631379.160,24927550.316,2.614,0.000,0.000,0.000,0.000,0.000,0.000,0.000,17,16,4*50
$GPGGA,075238.80,3135.5208109,N,12046.8593899,E,4,17,1.6,2.6162,M,8.327,M,00,0004*6D
$GPHPD,0,0.000,58.60,1.32,-6.20,31.5920135,120.7809898,2.616,13631378.735,24927551.045,2.616,0.000,0.000,0.000,0.000,0.000,0.000,0.000,17,16,4*58
$GPGGA,075239.00,3135.5208378,N,12046.8594424,E,4,17,1.6,2.6099,M,8.327,M,01,0004*69
$GPHPD,0,0.000,58.47,1.58,-6.16,31.5920140,120.7809907,2.610,13631378.458,24927551.521,2.610,0.000,0.000,0.000,0.000,0.000,0.000,0.000,17,16,4*5E
$GPGGA,075239.20,3135.5208507,N,12046.8594676,E,4,17,1.6,2.6100,M,8.327,M,01,0004*61
$GPHPD,0,0.000,58.51,0.80,-6.17,31.5920142,120.7809911,2.610,13631378.325,24927551.750,2.610,0.000,0.000,0.000,0.000,0.000,0.000,0.000,17,16,4*50
$GPGGA,075239.40,3135.5208517,N,12046.8594696,E,4,17,1.6,2.6096,M,8.327,M,01,0004*66
$GPHPD,0,0.000,58.42,1.15,-6.26,31.5920142,120.7809912,2.610,13631378.315,24927551.769,2.610,0.000,0.000,0.000,0.000,0.000,0.000,0.000,17,16,4*57
$GPGGA,075239.60,3135.5208479,N,12046.8594634,E,4,17,1.4,2.6070,M,8.327,M,00,0004*6E
$GPHPD,0,0.000,58.27,0.37,-6.60,31.5920141,120.7809911,2.607,13631378.357,24927551.716,2.607,0.000,0.000,0.000,0.000,0.000,0.000,0.000,17,16,4*59
$GPGGA,075239.80,3135.5208485,N,12046.8594634,E,4,17,1.4,2.6031,M,8.327,M,00,0004*66
$GPHPD,0,0.000,58.37,0.52,-6.97,31.5920141,120.7809911,2.603,13631378.348,24927551.712,2.603,0.000,0.000,0.000,0.000,0.000,0.000,0.000,17,16,4*59
$GPGGA,075240.00,3135.5208484,N,12046.8594649,E,4,17,1.4,2.6049,M,8.327,M,01,0004*65
$GPHPD,0,0.000,58.40,1.11,-7.20,31.5920141,120.7809911,2.605,13631378.353,24927551.731,2.605,0.000,0.000,0.000,0.000,0.000,0.000,0.000,17,16,4*59
$GPGGA,075240.20,3135.5208489,N,12046.8594642,E,4,17,1.4,2.6102,M,8.327,M,01,0004*6F
$GPHPD,0,0.000,58.37,0.62,-7.40,31.5920141,120.7809911,2.610,13631378.344,24927551.720,2.610,0.000,0.000,0.000,0.000,0.000,0.000,0.000,17,16,4*5C
$GPGGA,075240.40,3135.5208479,N,12046.8594638,E,4,17,1.4,2.6043,M,8.327,M,01,0004*6F
$GPHPD,0,0.000,58.42,0.95,-7.61,31.5920141,120.7809911,2.604,13631378.357,24927551.721,2.604,0.000,0.000,0.000,0.000,0.000,0.000,0.000,17,16,4*56
$GPGGA,075240.60,3135.5208464,N,12046.8594640,E,4,17,1.4,2.6136,M,8.327,M,00,0004*6C
$GPHPD,0,0.000,58.45,1.37,-7.82,31.5920141,120.7809911,2.614,13631378.379,24927551.732,2.614,0.000,0.000,0.000,0.000,0.000,0.000,0.000,17,16,4*5B
$GPGGA,075240.80,3135.5208457,N,12046.8594636,E,4,17,1.4,2.6068,M,8.327,M,00,0004*69
$GPHPD,0,0.000,58.35,0.53,-8.02,31.5920141,120.7809911,2.607,13631378.388,24927551.731,2.607,0.000,0.000,0.000,0.000,0.000,0.000,0.000,17,16,4*55
$GPGGA,075241.00,3135.5208459,N,12046.8594617,E,4,17,1.4,2.6182,M,8.327,M,01,0004*69
$GPHPD,0,0.000,58.53,1.30,-8.23,31.5920141,120.7809910,2.618,13631378.382,24927551.707,2.618,0.000,0.000,0.000,0.000,0.000,0.000,0.000,17,16,4*5C
$GPGGA,075241.20,3135.5208454,N,12046.8594612,E,4,17,1.4,2.6091,M,8.327,M,01,0004*60
$GPHPD,0,0.000,58.28,0.50,-8.39,31.5920141,120.7809910,2.609,13631378.388,24927551.704,2.609,0.000,0.000,0.000,0.000,0.000,0.000,0.000,17,16,4*55
$GPGGA,075241.40,3135.5208434,N,12046.8594596,E,4,17,1.4,2.6175,M,8.327,M,01,0004*64
$GPHPD,0,0.000,58.49,1.02,-8.55,31.5920141,120.7809910,2.618,13631378.413,24927551.696,2.618,0.000,0.000,0.000,0.000,0.000,0.000,0.000,17,16,4*51
$GPGGA,075241.60,3135.5208441,N,12046.8594576,E,4,17,1.4,2.6186,M,8.327,M,00,0004*67
$GPHPD,0,0.000,58.32,0.41,-8.67,31.5920141,120.7809910,2.619,13631378.399,24927551.668,2.619,0.000,0.000,0.000,0.000,0.000,0.000,0.000,17,16,4*5E
$GPGGA,075241.80,3135.5208376,N,12046.8594472,E,4,17,1.4,2.6149,M,8.327,M,00,0004*6C
$GPHPD,0,0.000,58.35,0.45,-8.61,31.5920140,120.7809908,2.615,13631378.471,24927551.580,2.615,0.000,0.000,0.000,0.000,0.000,0.000,0.000,17,16,4*57
$GPGGA,075242.00,3135.5208245,N,12046.8594189,E,4,17,1.4,2.6149,M,8.327,M,01,0004*66
$GPHPD,0,0.000,58.27,0.17,-8.54,31.5920137,120.7809903,2.615,13631378.600,24927551.315,2.615,0.000,0.000,0.000,0.000,0.000,0.000,0.000,17,16,4*50
$GPGGA,075242.20,3135.5208017,N,12046.8593744,E,4,17,1.4,2.5979,M,8.327,M,01,0004*69
$GPHPD,0,0.000,58.27,0.15,-8.53,31.5920134,120.7809896,2.598,13631378.834,24927550.912,2.598,0.000,0.000,0.000,0.000,0.000,0.000,0.000,17,16,4*5E
$GPGGA,075242.40,3135.5207700,N,12046.8593099,E,4,17,1.4,2.6045,M,8.327,M,01,0004*63
$GPHPD,0,0.000,58.37,0.84,-8.54,31.5920128,120.7809885,2.605,13631379.155,24927550.318,2.605,0.000,0.000,0.000,0.000,0.000,0.000,0.000,17,16,4*50
$GPGGA,075242.60,3135.5207274,N,12046.8592300,E,4,17,1.4,2.6189,M,8.327,M,00,0004*65
$GPHPD,0,0.000,58.46,0.87,-8.56,31.5920121,120.7809872,2.619,13631379.600,24927549.603,2.619,0.000,0.000,0.000,0.000,0.000,0.000,0.000,17,16,4*56
$GPGGA,075242.80,3135.5206793,N,12046.8591375,E,4,17,1.4,2.6187,M,8.327,M,00,0004*69
$GPHPD,0,0.000,58.41,0.32,-8.62,31.5920113,120.7809856,2.619,13631380.098,24927548.767,2.619,0.000,0.000,0.000,0.000,0.000,0.000,0.000,17,16,4*5C
$GPGGA,075243.00,3135.5206251,N,12046.8590295,E,4,17,1.4,2.6030,M,8.327,M,01,0004*69
$GPHPD,0,0.000,58.48,0.19,-8.67,31.5920104,120.7809838,2.603,13631380.651,24927547.781,2.603,0.000,0.000,0.000,0.000,0.000,0.000,0.000,17,16,4*53
$GPGGA,075243.20,3135.5205621,N,12046.8589095,E,4,17,1.4,2.6045,M,8.327,M,01,0004*63
$GPHPD,0,0.000,58.49,0.01,-8.69,31.5920094,120.7809818,2.605,13631381.305,24927546.700,2.605,0.000,0.000,0.000,0.000,0.000,0.000,0.000,17,16,4*52
$GPGGA,075243.40,3135.5204956,N,12046.8587804,E,4,17,1.4,2.6167,M,8.327,M,01,0004*64
$GPHPD,0,0.000,58.25,0.42,-8.78,31.5920083,120.7809797,2.617,13631381.990,24927545.531,2.617,0.000,0.000,0.000,0.000,0.000,0.000,0.000,17,16,4*54
$GPGGA,075243.60,3135.5204256,N,12046.8586408,E,4,17,1.4,2.6062,M,8.327,M,00,0004*69
$GPHPD,0,0.000,57.98,-0.85,-8.95,31.5920071,120.7809773,2.606,13631382.704,24927544.255,2.606,0.000,0.000,0.000,0.000,0.000,0.000,0.000,17,16,4*7B
$GPGGA,075243.80,3135.5203561,N,12046.8585023,E,4,17,1.4,2.5937,M,8.327,M,00,0004*67
$GPHPD,0,0.000,58.43,0.35,-9.14,31.5920059,120.7809750,2.594,13631383.414,24927542.989,2.594,0.000,0.000,0.000,0.000,0.000,0.000,0.000,17,16,4*58
$GPGGA,075244.00,3135.5202853,N,12046.8583635,E,4,17,1.4,2.5968,M,8.327,M,01,0004*69
$GPHPD,0,0.000,58.39,0.49,-9.32,31.5920048,120.7809727,2.597,13631384.141,24927541.727,2.597,0.000,0.000,0.000,0.000,0.000,0.000,0.000,17,16,4*51
$GPGGA,075244.20,3135.5202128,N,12046.8582274,E,4,17,1.4,2.6020,M,8.327,M,01,0004*68
$GPHPD,0,0.000,58.22,0.35,-9.46,31.5920035,120.7809705,2.602,13631384.898,24927540.508,2.602,0.000,0.000,0.000,0.000,0.000,0.000,0.000,17,16,4*5A
$GPGGA,075244.40,3135.5201414,N,12046.8580903,E,4,17,1.4,2.6167,M,8.327,M,01,0004*6C
$GPHPD,0,0.000,58.08,0.13,-9.62,31.5920024,120.7809682,2.617,13631385.637,24927539.271,2.617,0.000,0.000,0.000,0.000,0.000,0.000,0.000,17,16,4*53
$GPGGA,075244.60,3135.5200741,N,12046.8579552,E,4,17,1.4,2.6090,M,8.327,M,00,0004*6A
$GPHPD,0,0.000,58.11,-0.82,-9.77,31.5920012,120.7809659,2.609,13631386.321,24927538.033,2.609,0.000,0.000,0.000,0.000,0.000,0.000,0.000,17,16,4*7D
$GPGGA,075244.80,3135.5200074,N,12046.8578200,E,4,17,1.4,2.5860,M,8.327,M,00,0004*60
$GPHPD,0,0.000,58.31,0.34,-9.92,31.5920001,120.7809637,2.586,13631386.998,24927536.791,2.586,0.000,0.000,0.000,0.000,0.000,0.000,0.000,17,16,4*57
$GPGGA,075245.00,3135.5199328,N,12046.8576871,E,4,17,1.4,2.6012,M,8.327,M,01,0004*6D
$GPHPD,0,0.000,58.21,0.62,-10.07,31.5919989,120.7809615,2.601,13631387.791,24927535.623,2.601,0.000,0.000,0.000,0.000,0.000,0.000,0.000,17,16,4*6F
$GPGGA,075245.20,3135.5198631,N,12046.8575550,E,4,17,1.4,2.6040,M,8.327,M,01,0004*69
$GPHPD,0,0.000,57.92,-0.89,-10.16,31.5919977,120.7809593,2.604,13631388.516,24927534.436,2.604,0.000,0.000,0.000,0.000,0.000,0.000,0.000,17,16,4*49
$GPGGA,075245.40,3135.5197967,N,12046.8574204,E,4,17,1.4,2.6050,M,8.327,M,01,0004*6A
$GPHPD,0,0.000,57.94,-0.52,-10.31,31.5919966,120.7809570,2.605,13631389.189,24927533.199,2.605,0.000,0.000,0.000,0.000,0.000,0.000,0.000,17,16,4*45
$GPGGA,075245.60,3135.5197294,N,12046.8572910,E,4,17,1.4,2.5936,M,8.327,M,00,0004*6C
$GPHPD,0,0.000,58.15,-0.37,-10.45,31.5919955,120.7809549,2.594,13631389.885,24927532.030,2.594,0.000,0.000,0.000,0.000,0.000,0.000,0.000,17,16,4*4F
$GPGGA,075245.80,3135.5196624,N,12046.8571629,E,4,17,1.4,2.5947,M,8.327,M,00,0004*6C
$GPHPD,0,0.000,58.11,0.11,-10.59,31.5919944,120.7809527,2.595,13631390.580,24927530.876,2.595,0.000,0.000,0.000,0.000,0.000,0.000,0.000,17,16,4*6F
$GPGGA,075246.00,3135.5196004,N,12046.8570354,E,4,17,1.4,2.5871,M,8.327,M,01,0004*68
$GPHPD,0,0.000,58.14,0.68,-10.75,31.5919933,120.7809506,2.587,13631391.204,24927529.699,2.587,0.000,0.000,0.000,0.000,0.000,0.000,0.000,17,16,4*64
$GPGGA,075246.20,3135.5195371,N,12046.8569153,E,4,17,1.4,2.5920,M,8.327,M,01,0004*60
$GPHPD,0,0.000,58.38,0.95,-10.85,31.5919923,120.7809486,2.592,13631391.862,24927528.619,2.592,0.000,0.000,0.000,0.000,0.000,0.000,0.000,17,16,4*6C
$GPGGA,075246.40,3135.5194748,N,12046.8567962,E,4,17,1.8,2.5896,M,8.327,M,01,0004*6D
$GPHPD,0,0.000,58.06,-0.40,-10.98,31.5919912,120.7809466,2.590,13631392.508,24927527.546,2.590,0.000,0.000,0.000,0.000,0.000,0.000,0.000,17,16,4*40
$GPGGA,075246.60,3135.5194138,N,12046.8566790,E,4,17,1.4,2.5874,M,8.327,M,00,0004*6D
$GPHPD,0,0.000,58.09,-0.16,-11.10,31.5919902,120.7809447,2.587,13631393.140,24927526.488,2.587,0.000,0.000,0.000,0.000,0.000,0.000,0.000,17,16,4*44
$GPGGA,075246.80,3135.5193505,N,12046.8565635,E,4,18,1.4,2.5798,M,8.327,M,00,0004*61
$GPHPD,0,0.000,58.05,0.40,-11.18,31.5919892,120.7809427,2.580,13631393.807,24927525.463,2.580,0.000,0.000,0.000,0.000,0.000,0.000,0.000,18,16,4*63
$GPGGA,075247.00,3135.5192937,N,12046.8564486,E,4,18,1.4,2.5765,M,8.327,M,01,0004*6C
$GPHPD,0,0.000,57.82,1.02,-11.30,31.5919882,120.7809408,2.577,13631394.383,24927524.408,2.577,0.000,0.000,0.000,0.000,0.000,0.000,0.000,18,16,4*6E
$GPGGA,075247.20,3135.5192356,N,12046.8563354,E,4,18,1.4,2.5812,M,8.327,M,01,0004*63
$GPHPD,0,0.000,58.14,1.34,-11.37,31.5919873,120.7809389,2.581,13631394.981,24927523.382,2.581,0.000,0.000,0.000,0.000,0.000,0.000,0.000,18,16,4*66
$GPGGA,075247.40,3135.5191796,N,12046.8562258,E,4,18,1.4,2.5783,M,8.327,M,01,0004*65
$GPHPD,0,0.000,58.13,0.84,-11.45,31.5919863,120.7809371,2.578,13631395.557,24927522.386,2.578,0.000,0.000,0.000,0.000,0.000,0.000,0.000,18,16,4*6B
$GPGGA,075247.60,3135.5191227,N,12046.8561163,E,4,18,1.4,2.5776,M,8.327,M,00,0004*6B
$GPHPD,0,0.000,58.14,0.71,-11.54,31.5919854,120.7809353,2.578,13631396.145,24927521.397,2.578,0.000,0.000,0.000,0.000,0.000,0.000,0.000,18,16,4*65
$GPGGA,075247.80,3135.5190707,N,12046.8560137,E,4,18,1.4,2.5741,M,8.327,M,00,0004*67
$GPHPD,0,0.000,58.12,0.60,-11.63,31.5919845,120.7809336,2.574,13631396.678,24927520.462,2.574,0.000,0.000,0.000,0.000,0.000,0.000,0.000,18,16,4*61
$GPGGA,075248.00,3135.5190191,N,12046.8559135,E,4,18,1.4,2.5689,M,8.327,M,01,0004*65
$GPHPD,0,0.000,57.98,0.41,-11.77,31.5919837,120.7809319,2.569,13631397.210,24927519.554,2.569,0.000,0.000,0.000,0.000,0.000,0.000,0.000,18,16,4*67
$GPGGA,075248.20,3135.5189699,N,12046.8558182,E,4,18,1.4,2.5606,M,8.327,M,01,0004*6A
$GPHPD,0,0.000,58.11,0.93,-11.88,31.5919828,120.7809303,2.561,13631397.718,24927518.692,2.561,0.000,0.000,0.000,0.000,0.000,0.000,0.000,18,16,4*66
$GPGGA,075248.40,3135.5189250,N,12046.8557280,E,4,18,1.4,2.5569,M,8.327,M,01,0004*69
$GPHPD,0,0.000,58.12,0.92,-11.98,31.5919821,120.7809288,2.557,13631398.174,24927517.865,2.557,0.000,0.000,0.000,0.000,0.000,0.000,0.000,18,16,4*64
$GPGGA,075248.60,3135.5188805,N,12046.8556458,E,4,18,1.4,2.5694,M,8.327,M,00,0004*62
$GPHPD,0,0.000,58.33,1.09,-12.07,31.5919813,120.7809274,2.569,13631398.641,24927517.133,2.569,0.000,0.000,0.000,0.000,0.000,0.000,0.000,18,16,4*68
$GPGGA,075248.80,3135.5188386,N,12046.8555667,E,4,18,1.4,2.5695,M,8.327,M,00,0004*60
$GPHPD,0,0.000,58.03,-0.05,-12.16,31.5919806,120.7809261,2.570,13631399.078,24927516.423,2.570,0.000,0.000,0.000,0.000,0.000,0.000,0.000,18,16,4*43
$GPGGA,075249.00,3135.5188006,N,12046.8554921,E,4,18,1.4,2.5659,M,8.327,M,01,0004*6F
$GPHPD,0,0.000,58.09,0.18,-12.25,31.5919800,120.7809249,2.566,13631399.468,24927515.745,2.566,0.000,0.000,0.000,0.000,0.000,0.000,0.000,18,16,4*61
$GPGGA,075249.20,3135.5187638,N,12046.8554220,E,4,18,1.4,2.5676,M,8.327,M,01,0004*6E
$GPHPD,0,0.000,58.14,0.58,-12.32,31.5919794,120.7809237,2.568,13631399.850,24927515.114,2.568,0.000,0.000,0.000,0.000,0.000,0.000,0.000,18,16,4*61
$GPGGA,075249.40,3135.5187284,N,12046.8553546,E,4,17,1.4,2.5641,M,8.327,M,01,0004*60
$GPHPD,0,0.000,58.04,0.45,-12.38,31.5919788,120.7809226,2.564,13631400.218,24927514.507,2.564,0.000,0.000,0.000,0.000,0.000,0.000,0.000,17,16,4*62
$GPGGA,075249.60,3135.5186957,N,12046.8552922,E,4,17,1.4,2.5580,M,8.327,M,00,0004*66
$GPHPD,0,0.000,58.04,0.44,-12.44,31.5919783,120.7809215,2.558,13631400.557,24927513.945,2.558,0.000,0.000,0.000,0.000,0.000,0.000,0.000,17,16,4*62
$GPGGA,075249.80,3135.5186654,N,12046.8552303,E,4,17,1.4,2.5671,M,8.327,M,00,0004*60
$GPHPD,0,0.000,58.14,0.85,-12.49,31.5919778,120.7809205,2.567,13631400.863,24927513.375,2.567,0.000,0.000,0.000,0.000,0.000,0.000,0.000,17,16,4*65
$GPGGA,075250.00,3135.5186348,N,12046.8551736,E,4,17,1.4,2.5675,M,8.327,M,01,0004*6C
$GPHPD,0,0.000,58.06,0.24,-12.53,31.5919772,120.7809196,2.568,13631401.184,24927512.869,2.568,0.000,0.000,0.000,0.000,0.000,0.000,0.000,17,16,4*63
$GPGGA,075250.20,3135.5186057,N,12046.8551166,E,4,17,1.4,2.5716,M,8.327,M,01,0004*64
$GPHPD,0,0.000,57.96,0.54,-12.57,31.5919768,120.7809186,2.572,13631401.483,24927512.351,2.572,0.000,0.000,0.000,0.000,0.000,0.000,0.000,17,16,4*6E
$GPGGA,075250.40,3135.5185774,N,12046.8550662,E,4,18,1.4,2.5596,M,8.327,M,01,0004*60
$GPHPD,0,0.000,57.92,0.02,-12.61,31.5919763,120.7809178,2.560,13631401.784,24927511.908,2.560,0.000,0.000,0.000,0.000,0.000,0.000,0.000,18,16,4*68
$GPGGA,075250.60,3135.5185510,N,12046.8550108,E,4,18,1.4,2.5695,M,8.327,M,00,0004*68
$GPHPD,0,0.000,57.82,0.64,-12.64,31.5919759,120.7809168,2.570,13631402.048,24927511.394,2.570,0.000,0.000,0.000,0.000,0.000,0.000,0.000,18,16,4*6F
$GPGGA,075250.80,3135.5185267,N,12046.8549599,E,4,18,1.4,2.5820,M,8.327,M,00,0004*65
$GPHPD,0,0.000,57.68,0.19,-12.66,31.5919754,120.7809160,2.582,13631402.291,24927510.921,2.582,0.000,0.000,0.000,0.000,0.000,0.000,0.000,18,16,4*65
$GPGGA,075251.00,3135.5184976,N,12046.8549116,E,4,18,1.4,2.5889,M,8.327,M,01,0004*67
$GPHPD,0,0.000,57.49,-0.42,-12.70,31.5919750,120.7809152,2.589,13631402.607,24927510.508,2.589,0.000,0.000,0.000,0.000,0.000,0.000,0.000,18,16,4*4B
$GPGGA,075251.20,3135.5184754,N,12046.8548622,E,4,18,1.4,2.5691,M,8.327,M,01,0004*6D
$GPHPD,0,0.000,57.17,-1.08,-12.74,31.5919746,120.7809144,2.569,13631402.823,24927510.042,2.569,0.000,0.000,0.000,0.000,0.000,0.000,0.000,18,16,4*48
$GPGGA,075251.40,3135.5184509,N,12046.8548231,E,4,18,1.4,2.5777,M,8.327,M,01,0004*6E
$GPHPD,0,0.000,57.24,-0.01,-12.79,31.5919742,120.7809137,2.578,13631403.093,24927509.713,2.578,0.000,0.000,0.000,0.000,0.000,0.000,0.000,18,16,4*44
$GPGGA,075251.60,3135.5184299,N,12046.8547827,E,4,18,1.4,2.5756,M,8.327,M,00,0004*62
$GPHPD,0,0.000,56.98,-0.04,-12.83,31.5919738,120.7809130,2.576,13631403.310,24927509.348,2.576,0.000,0.000,0.000,0.000,0.000,0.000,0.000,18,16,4*4A
$GPGGA,075251.80,3135.5184099,N,12046.8547446,E,4,18,1.4,2.5770,M,8.327,M,00,0004*61
$GPHPD,0,0.000,56.94,-0.10,-12.86,31.5919735,120.7809124,2.577,13631403.518,24927509.005,2.577,0.000,0.000,0.000,0.000,0.000,0.000,0.000,18,16,4*4A
$GPGGA,075252.00,3135.5183883,N,12046.8547106,E,4,18,1.2,2.5833,M,8.327,M,01,0004*60
$GPHPD,0,0.000,56.87,0.17,-12.89,31.5919731,120.7809118,2.583,13631403.756,24927508.721,2.583,0.000,0.000,0.000,0.000,0.000,0.000,0.000,18,16,4*6E
$GPGGA,075252.20,3135.5183702,N,12046.8546757,E,4,18,1.2,2.5775,M,8.327,M,01,0004*6A
$GPHPD,0,0.000,56.83,0.18,-12.91,31.5919728,120.7809113,2.578,13631403.943,24927508.405,2.578,0.000,0.000,0.000,0.000,0.000,0.000,0.000,18,16,4*60
$GPGGA,075252.40,3135.5183534,N,12046.8546454,E,4,18,1.2,2.5792,M,8.327,M,01,0004*62
$GPHPD,0,0.000,56.82,0.20,-12.94,31.5919726,120.7809108,2.579,13631404.121,24927508.138,2.579,0.000,0.000,0.000,0.000,0.000,0.000,0.000,18,16,4*6B
$GPGGA,075252.60,3135.5183372,N,12046.8546140,E,4,18,1.2,2.5836,M,8.327,M,00,0004*64
$GPHPD,0,0.000,56.77,-0.17,-12.99,31.5919723,120.7809102,2.584,13631404.288,24927507.853,2.584,0.000,0.000,0.000,0.000,0.000,0.000,0.000,18,16,4*41
$GPGGA,075252.80,3135.5183238,N,12046.8545896,E,4,18,1.2,2.5830,M,8.327,M,00,0004*62
$GPHPD,0,0.000,56.66,-0.24,-13.05,31.5919721,120.7809098,2.583,13631404.430,24927507.637,2.583,0.000,0.000,0.000,0.000,0.000,0.000,0.000,18,16,4*4C
$GPGGA,075253.00,3135.5183157,N,12046.8545705,E,4,18,1.2,2.5801,M,8.327,M,01,0004*67
$GPHPD,0,0.000,56.75,-0.33,-13.12,31.5919719,120.7809095,2.580,13631404.506,24927507.454,2.580,0.000,0.000,0.000,0.000,0.000,0.000,0.000,18,16,4*4B
$GPGGA,075253.20,3135.5183070,N,12046.8545551,E,4,18,1.2,2.5813,M,8.327,M,01,0004*61
$GPHPD,0,0.000,56.84,-0.22,-13.18,31.5919718,120.7809093,2.581,13631404.599,24927507.319,2.581,0.000,0.000,0.000,0.000,0.000,0.000,0.000,18,16,4*40
$GPGGA,075253.40,3135.5183040,N,12046.8545482,E,4,18,1.2,2.5798,M,8.327,M,01,0004*67
$GPHPD,0,0.000,56.67,-0.13,-13.24,31.5919717,120.7809091,2.580,13631404.628,24927507.253,2.580,0.000,0.000,0.000,0.000,0.000,0.000,0.000,18,16,4*4B
$GPGGA,075253.60,3135.5183007,N,12046.8545429,E,4,18,1.2,2.5833,M,8.327,M,00,0004*68
$GPHPD,0,0.000,56.77,-0.31,-13.28,31.5919717,120.7809090,2.583,13631404.664,24927507.209,2.583,0.000,0.000,0.000,0.000,0.000,0.000,0.000,18,16,4*40
$GPGGA,075253.80,3135.5183021,N,12046.8545429,E,4,18,1.2,2.5806,M,8.327,M,00,0004*64
$GPHPD,0,0.000,56.80,-0.13,-13.29,31.5919717,120.7809090,2.581,13631404.644,24927507.200,2.581,0.000,0.000,0.000,0.000,0.000,0.000,0.000,18,16,4*42
$GPGGA,075254.00,3135.5182994,N,12046.8545441,E,4,18,1.2,2.5868,M,8.327,M,01,0004*6A
$GPHPD,0,0.000,56.93,0.22,-13.27,31.5919717,120.7809091,2.587,13631404.685,24927507.231,2.587,0.000,0.000,0.000,0.000,0.000,0.000,0.000,18,16,4*6F
$GPGGA,075254.20,3135.5183015,N,12046.8545456,E,4,18,1.2,2.5820,M,8.327,M,01,0004*63
$GPHPD,0,0.000,56.67,-0.28,-13.27,31.5919717,120.7809091,2.582,13631404.658,24927507.236,2.582,0.000,0.000,0.000,0.000,0.000,0.000,0.000,18,16,4*44
$GPGGA,075254.40,3135.5183009,N,12046.8545435,E,4,18,1.2,2.5837,M,8.327,M,01,0004*6B
$GPHPD,0,0.000,56.76,-0.07,-13.26,31.5919717,120.7809091,2.584,13631404.662,24927507.215,2.584,0.000,0.000,0.000,0.000,0.000,0.000,0.000,18,16,4*40
$GPGGA,075254.60,3135.5183015,N,12046.8545444,E,4,18,1.2,2.5785,M,8.327,M,00,0004*65
$GPHPD,0,0.000,56.80,-0.10,-13.25,31.5919717,120.7809091,2.579,13631404.656,24927507.222,2.579,0.000,0.000,0.000,0.000,0.000,0.000,0.000,18,16,4*4F
$GPGGA,075254.80,3135.5183013,N,12046.8545446,E,4,18,1.2,2.5754,M,8.327,M,00,0004*63
$GPHPD,0,0.000,56.75,0.07,-13.24,31.5919717,120.7809091,2.575,13631404.659,24927507.226,2.575,0.000,0.000,0.000,0.000,0.000,0.000,0.000,18,16,4*64
$GPGGA,075255.00,3135.5183000,N,12046.8545441,E,4,18,1.2,2.5754,M,8.327,M,01,0004*6E
$GPHPD,0,0.000,56.73,0.10,-13.23,31.5919717,120.7809091,2.575,13631404.676,24927507.227,2.575,0.000,0.000,0.000,0.000,0.000,0.000,0.000,18,16,4*6F
$GPGGA,075255.20,3135.5183009,N,12046.8545429,E,4,18,1.2,2.5784,M,8.327,M,01,0004*66
$GPHPD,0,0.000,56.58,0.06,-13.22,31.5919717,120.7809090,2.578,13631404.661,24927507.207,2.578,0.000,0.000,0.000,0.000,0.000,0.000,0.000,18,16,4*65
$GPGGA,075255.40,3135.5183000,N,12046.8545435,E,4,18,1.2,2.5857,M,8.327,M,01,0004*65
$GPHPD,0,0.000,56.76,0.02,-13.21,31.5919717,120.7809091,2.586,13631404.675,24927507.220,2.586,0.000,0.000,0.000,0.000,0.000,0.000,0.000,18,16,4*6F
$GPGGA,075255.60,3135.5183013,N,12046.8545452,E,4,18,1.2,2.5811,M,8.327,M,00,0004*67
$GPHPD,0,0.000,56.66,-0.21,-13.22,31.5919717,120.7809091,2.581,13631404.660,24927507.233,2.581,0.000,0.000,0.000,0.000,0.000,0.000,0.000,18,16,4*47
$GPGGA,075255.80,3135.5183019,N,12046.8545467,E,4,18,1.2,2.5816,M,8.327,M,00,0004*62
$GPHPD,0,0.000,56.77,-0.03,-13.30,31.5919717,120.7809091,2.582,13631404.655,24927507.247,2.582,0.000,0.000,0.000,0.000,0.000,0.000,0.000,18,16,4*41
$GPGGA,075256.00,3135.5183084,N,12046.8545593,E,4,18,1.2,2.5812,M,8.327,M,01,0004*62
$GPHPD,0,0.000,56.66,-0.35,-13.50,31.5919718,120.7809093,2.581,13631404.588,24927507.361,2.581,0.000,0.000,0.000,0.000,0.000,0.000,0.000,18,16,4*49
$GPGGA,075256.20,3135.5183224,N,12046.8545853,E,4,18,1.2,2.5802,M,8.327,M,01,0004*68
$GPHPD,0,0.000,56.68,-0.27,-13.64,31.5919720,120.7809098,2.580,13631404.441,24927507.594,2.580,0.000,0.000,0.000,0.000,0.000,0.000,0.000,18,16,4*4B
$GPGGA,075256.40,3135.5183438,N,12046.8546244,E,4,18,1.2,2.5752,M,8.327,M,01,0004*60
$GPHPD,0,0.000,56.68,-0.32,-13.78,31.5919724,120.7809104,2.575,13631404.215,24927507.940,2.575,0.000,0.000,0.000,0.000,0.000,0.000,0.000,18,16,4*40
$GPGGA,075256.60,3135.5183726,N,12046.8546754,E,4,18,1.2,2.5733,M,8.327,M,00,0004*6C
$GPHPD,0,0.000,56.68,-0.09,-13.90,31.5919729,120.7809113,2.573,13631403.909,24927508.388,2.573,0.000,0.000,0.000,0.000,0.000,0.000,0.000,18,16,4*45
$GPGGA,075256.80,3135.5184083,N,12046.8547418,E,4,18,1.2,2.5885,M,8.327,M,00,0004*65
$GPHPD,0,0.000,56.74,0.04,-14.01,31.5919735,120.7809124,2.589,13631403.535,24927508.981,2.589,0.000,0.000,0.000,0.000,0.000,0.000,0.000,18,16,4*6E
$GPGGA,075257.00,3135.5184494,N,12046.8548185,E,4,18,1.2,2.5813,M,8.327,M,01,0004*6E
$GPHPD,0,0.000,56.64,-0.24,-14.11,31.5919742,120.7809136,2.581,13631403.105,24927509.666,2.581,0.000,0.000,0.000,0.000,0.000,0.000,0.000,18,16,4*42
$GPGGA,075257.20,3135.5184987,N,12046.8549041,E,4,18,1.2,2.5863,M,8.327,M,01,0004*6C
$GPHPD,0,0.000,56.59,0.14,-14.14,31.5919750,120.7809151,2.586,13631402.576,24927510.412,2.586,0.000,0.000,0.000,0.000,0.000,0.000,0.000,18,16,4*6D
$GPGGA,075257.40,3135.5185526,N,12046.8550006,E,4,18,1.4,2.5613,M,8.327,M,01,0004*68
$GPHPD,0,0.000,56.46,-0.57,-14.19,31.5919759,120.7809167,2.561,13631402.004,24927511.261,2.561,0.000,0.000,0.000,0.000,0.000,0.000,0.000,18,16,4*4B
$GPGGA,075257.60,3135.5186100,N,12046.8551023,E,4,18,1.4,2.5586,M,8.327,M,00,0004*61
$GPHPD,0,0.000,56.45,0.27,-14.18,31.5919768,120.7809184,2.559,13631401.393,24927512.154,2.559,0.000,0.000,0.000,0.000,0.000,0.000,0.000,18,16,4*64
$GPGGA,075257.80,3135.5186674,N,12046.8552085,E,4,17,1.4,2.5748,M,8.327,M,00,0004*6B
$GPHPD,0,0.000,56.59,0.41,-14.10,31.5919778,120.7809201,2.575,13631400.791,24927513.100,2.575,0.000,0.000,0.000,0.000,0.000,0.000,0.000,17,16,4*66
$GPGGA,075258.00,3135.5187247,N,12046.8553112,E,4,17,1.4,2.5677,M,8.327,M,01,0004*6B
$GPHPD,0,0.000,56.53,0.03,-14.04,31.5919787,120.7809219,2.568,13631400.183,24927514.005,2.568,0.000,0.000,0.000,0.000,0.000,0.000,0.000,17,16,4*60
$GPGGA,075258.20,3135.5187819,N,12046.8554150,E,4,17,1.4,2.5645,M,8.327,M,01,0004*68
$GPHPD,0,0.000,56.61,0.42,-14.00,31.5919797,120.7809236,2.565,13631399.579,24927514.924,2.565,0.000,0.000,0.000,0.000,0.000,0.000,0.000,17,16,4*60
$GPGGA,075258.40,3135.5188381,N,12046.8555159,E,4,17,1.4,2.5687,M,8.327,M,01,0004*6D
$GPHPD,0,0.000,56.79,0.48,-13.99,31.5919806,120.7809253,2.569,13631398.983,24927515.813,2.569,0.000,0.000,0.000,0.000,0.000,0.000,0.000,17,16,4*6C
$GPGGA,075258.60,3135.5188929,N,12046.8556237,E,4,17,1.4,2.5662,M,8.327,M,00,0004*65
$GPHPD,0,0.000,57.07,0.53,-13.99,31.5919815,120.7809271,2.566,13631398.421,24927516.794,2.566,0.000,0.000,0.000,0.000,0.000,0.000,0.000,17,16,4*6A
$GPGGA,075258.80,3135.5189519,N,12046.8557297,E,4,18,1.4,2.5616,M,8.327,M,00,0004*62
$GPHPD,0,0.000,56.92,0.79,-13.99,31.5919825,120.7809288,2.562,13631397.795,24927517.729,2.562,0.000,0.000,0.000,0.000,0.000,0.000,0.000,18,16,4*61
$GPGGA,075259.00,3135.5190125,N,12046.8558424,E,4,18,1.4,2.5660,M,8.327,M,01,0004*69
$GPHPD,0,0.000,57.24,0.94,-14.01,31.5919835,120.7809307,2.566,13631397.161,24927518.735,2.566,0.000,0.000,0.000,0.000,0.000,0.000,0.000,18,16,4*60
$GPGGA,075259.20,3135.5190754,N,12046.8559586,E,4,18,1.4,2.5657,M,8.327,M,01,0004*67
$GPHPD,0,0.000,57.29,0.72,-14.02,31.5919846,120.7809326,2.566,13631396.500,24927519.770,2.566,0.000,0.000,0.000,0.000,0.000,0.000,0.000,18,16,4*63
$GPGGA,075259.40,3135.5191394,N,12046.8560814,E,4,18,1.4,2.5724,M,8.327,M,01,0004*61
$GPHPD,0,0.000,57.50,1.23,-14.05,31.5919857,120.7809347,2.572,13631395.838,24927520.879,2.572,0.000,0.000,0.000,0.000,0.000,0.000,0.000,18,16,4*61
$GPGGA,075259.60,3135.5192093,N,12046.8562100,E,4,18,1.4,2.5700,M,8.327,M,00,0004*6D
$GPHPD,0,0.000,57.59,0.91,-14.10,31.5919868,120.7809368,2.570,13631395.103,24927522.022,2.570,0.000,0.000,0.000,0.000,0.000,0.000,0.000,18,16,4*60
$GPGGA,075259.80,3135.5192798,N,12046.8563428,E,4,18,1.4,2.5760,M,8.327,M,00,0004*67
$GPHPD,0,0.000,57.64,1.13,-14.13,31.5919880,120.7809390,2.576,13631394.368,24927523.213,2.576,0.000,0.000,0.000,0.000,0.000,0.000,0.000,18,16,4*68
$GPGGA,075300.00,3135.5193544,N,12046.8564838,E,4,18,1.4,2.5775,M,8.327,M,01,0004*6F
$GPHPD,0,0.000,57.58,1.22,-14.18,31.5919892,120.7809414,2.578,13631393.591,24927524.479,2.578,0.000,0.000,0.000,0.000,0.000,0.000,0.000,18,16,4*6C
$GPGGA,075300.20,3135.5194309,N,12046.8566288,E,4,18,1.4,2.5885,M,8.327,M,01,0004*66
$GPHPD,0,0.000,57.32,0.22,-14.17,31.5919905,120.7809438,2.589,13631392.796,24927525.783,2.589,0.000,0.000,0.000,0.000,0.000,0.000,0.000,18,16,4*6C
$GPGGA,075300.40,3135.5195070,N,12046.8567726,E,4,18,1.4,2.6012,M,8.327,M,01,0004*69
$GPHPD,0,0.000,57.57,0.50,-14.10,31.5919918,120.7809462,2.601,13631392.003,24927527.074,2.601,0.000,0.000,0.000,0.000,0.000,0.000,0.000,18,16,4*68
$GPGGA,075300.60,3135.5195817,N,12046.8569173,E,4,18,1.4,2.5933,M,8.327,M,00,0004*62
$GPHPD,0,0.000,57.73,0.06,-13.99,31.5919930,120.7809486,2.593,13631391.232,24927528.384,2.593,0.000,0.000,0.000,0.000,0.000,0.000,0.000,18,16,4*6B
$GPGGA,075300.80,3135.5196523,N,12046.8570541,E,4,18,1.4,2.5950,M,8.327,M,00,0004*6D
$GPHPD,0,0.000,57.65,-0.24,-13.91,31.5919942,120.7809509,2.595,13631390.504,24927529.622,2.595,0.000,0.000,0.000,0.000,0.000,0.000,0.000,18,16,4*41
$GPGGA,075301.00,3135.5197209,N,12046.8571903,E,4,18,1.4,2.6053,M,8.327,M,01,0004*69
$GPHPD,0,0.000,57.85,0.23,-13.83,31.5919953,120.7809532,2.605,13631389.803,24927530.866,2.605,0.000,0.000,0.000,0.000,0.000,0.000,0.000,18,16,4*6A
$GPGGA,075301.20,3135.5197927,N,12046.8573219,E,4,18,1.4,2.5885,M,8.327,M,01,0004*6E
$GPHPD,0,0.000,57.70,-0.68,-13.77,31.5919965,120.7809554,2.589,13631389.047,24927532.034,2.589,0.000,0.000,0.000,0.000,0.000,0.000,0.000,18,16,4*49
$GPGGA,075301.40,3135.5198602,N,12046.8574507,E,4,17,1.4,2.6035,M,8.327,M,01,0004*6F
$GPHPD,0,0.000,58.22,0.72,-13.70,31.5919977,120.7809575,2.604,13631388.347,24927533.195,2.604,0.000,0.000,0.000,0.000,0.000,0.000,0.000,17,16,4*66
$GPGGA,075301.60,3135.5199219,N,12046.8575775,E,4,17,1.4,2.6059,M,8.327,M,00,0004*6F
$GPHPD,0,0.000,57.77,-1.12,-13.66,31.5919987,120.7809596,2.606,13631387.725,24927534.365,2.606,0.000,0.000,0.000,0.000,0.000,0.000,0.000,17,16,4*43
$GPGGA,075301.80,3135.5199876,N,12046.8577004,E,4,17,1.4,2.6082,M,8.327,M,00,0004*67
$GPHPD,0,0.000,57.79,-0.34,-13.62,31.5919998,120.7809617,2.608,13631387.038,24927535.464,2.608,0.000,0.000,0.000,0.000,0.000,0.000,0.000,17,16,4*44
$GPGGA,075302.00,3135.5200548,N,12046.8578224,E,4,17,1.4,2.5936,M,8.327,M,01,0004*64
$GPHPD,0,0.000,58.01,-0.07,-13.57,31.5920009,120.7809637,2.594,13631386.329,24927536.544,2.594,0.000,0.000,0.000,0.000,0.000,0.000,0.000,17,16,4*49
$GPGGA,075302.20,3135.5201165,N,12046.8579430,E,4,17,1.4,2.6076,M,8.327,M,01,0004*60
$GPHPD,0,0.000,58.20,0.47,-13.54,31.5920019,120.7809657,2.608,13631385.694,24927537.639,2.608,0.000,0.000,0.000,0.000,0.000,0.000,0.000,17,16,4*6F
$GPGGA,075302.40,3135.5201818,N,12046.8580679,E,4,18,1.2,2.5809,M,8.327,M,01,0004*66
$GPHPD,0,0.000,58.23,0.00,-13.51,31.5920030,120.7809678,2.581,13631385.017,24927538.765,2.581,0.000,0.000,0.000,0.000,0.000,0.000,0.000,18,16,4*69
$GPGGA,075302.60,3135.5202432,N,12046.8581837,E,4,18,1.6,2.5903,M,8.327,M,00,0004*68
$GPHPD,0,0.000,58.12,0.41,-13.49,31.5920041,120.7809697,2.590,13631384.377,24927539.804,2.590,0.000,0.000,0.000,0.000,0.000,0.000,0.000,18,16,4*6D
$GPGGA,075302.80,3135.5202990,N,12046.8582993,E,4,18,1.4,2.6388,M,8.327,M,00,0004*67
$GPHPD,0,0.000,57.74,-1.54,-13.48,31.5920050,120.7809717,2.639,13631383.817,24927540.873,2.639,0.000,0.000,0.000,0.000,0.000,0.000,0.000,18,16,4*46
$GPGGA,075303.00,3135.5203683,N,12046.8584232,E,4,18,1.8,2.5871,M,8.327,M,01,0004*67
$GPHPD,0,0.000,57.84,-2.24,-13.50,31.5920061,120.7809737,2.587,13631383.081,24927541.964,2.587,0.000,0.000,0.000,0.000,0.000,0.000,0.000,18,16,4*45
$GPGGA,075303.20,3135.5204306,N,12046.8585475,E,4,15,1.8,2.5944,M,8.327,M,01,0004*64
$GPHPD,0,0.000,57.97,-1.94,-13.51,31.5920072,120.7809758,2.594,13631382.446,24927543.100,2.594,0.000,0.000,0.000,0.000,0.000,0.000,0.000,15,14,4*4C
$GPGGA,075303.40,3135.5204946,N,12046.8586739,E,4,15,1.8,2.5945,M,8.327,M,01,0004*65
$GPHPD,0,0.000,58.06,0.18,-13.52,31.5920082,120.7809779,2.595,13631381.790,24927544.252,2.595,0.000,0.000,0.000,0.000,0.000,0.000,0.000,15,14,4*64
$GPGGA,075303.60,3135.5205602,N,12046.8588007,E,4,15,1.8,2.5904,M,8.327,M,00,0004*69
$GPHPD,0,0.000,58.19,0.62,-13.54,31.5920093,120.7809800,2.590,13631381.113,24927545.399,2.590,0.000,0.000,0.000,0.000,0.000,0.000,0.000,15,14,4*6A
$GPGGA,075303.80,3135.5206265,N,12046.8589315,E,4,15,1.8,2.5884,M,8.327,M,00,0004*69
$GPHPD,0,0.000,58.00,0.53,-13.56,31.5920104,120.7809822,2.588,13631380.434,24927546.591,2.588,0.000,0.000,0.000,0.000,0.000,0.000,0.000,15,14,4*61
$GPGGA,075304.00,3135.5206994,N,12046.8590615,E,4,15,1.8,2.5939,M,8.327,M,01,0004*68
$GPHPD,0,0.000,58.38,0.60,-13.60,31.5920117,120.7809844,2.594,13631379.659,24927547.734,2.594,0.000,0.000,0.000,0.000,0.000,0.000,0.000,15,14,4*6E
$GPGGA,075304.20,3135.5207657,N,12046.8591985,E,4,16,1.4,2.5996,M,8.327,M,01,0004*66
$GPHPD,0,0.000,58.37,0.44,-13.59,31.5920128,120.7809866,2.600,13631378.992,24927549.000,2.600,0.000,0.000,0.000,0.000,0.000,0.000,0.000,16,15,4*64
$GPGGA,075304.40,3135.5208371,N,12046.8593382,E,4,16,1.4,2.6096,M,8.327,M,01,0004*6B
$GPHPD,0,0.000,58.48,0.71,-13.60,31.5920140,120.7809890,2.610,13631378.258,24927550.269,2.610,0.000,0.000,0.000,0.000,0.000,0.000,0.000,16,14,4*6E
$GPGGA,075304.60,3135.5209110,N,12046.8594836,E,4,16,1.4,2.6054,M,8.327,M,00,0004*61
$GPHPD,0,0.000,58.30,0.12,-13.61,31.5920152,120.7809914,2.605,13631377.500,24927551.592,2.605,0.000,0.000,0.000,0.000,0.000,0.000,0.000,16,14,4*6C
$GPGGA,075304.80,3135.5209881,N,12046.8596311,E,4,16,1.4,2.6032,M,8.327,M,00,0004*62
$GPHPD,0,0.000,58.51,0.82,-13.63,31.5920165,120.7809939,2.603,13631376.701,24927552.922,2.603,0.000,0.000,0.000,0.000,0.000,0.000,0.000,16,14,4*6D
$GPGGA,075305.00,3135.5210616,N,12046.8597774,E,4,16,1.4,2.6189,M,8.327,M,01,0004*65
$GPHPD,0,0.000,58.46,0.66,-13.65,31.5920177,120.7809963,2.619,13631375.951,24927554.258,2.619,0.000,0.000,0.000,0.000,0.000,0.000,0.000,16,14,4*63
$GPGGA,075305.20,3135.5211416,N,12046.8599260,E,4,16,1.4,2.6424,M,8.327,M,01,0004*68
$GPHPD,0,0.000,58.12,-0.07,-13.66,31.5920190,120.7809988,2.642,13631375.113,24927555.584,2.642,0.000,0.000,0.000,0.000,0.000,0.000,0.000,16,14,4*4E
$GPGGA,075305.40,3135.5212207,N,12046.8600824,E,4,16,1.4,2.6404,M,8.327,M,01,0004*60
$GPHPD,0,0.000,58.57,1.01,-13.67,31.5920203,120.7810014,2.640,13631374.303,24927557.010,2.640,0.000,0.000,0.000,0.000,0.000,0.000,0.000,16,15,4*60
$GPGGA,075305.60,3135.5213014,N,12046.8602354,E,4,15,1.8,2.6829,M,8.327,M,00,0004*60
$GPHPD,0,0.000,58.42,0.19,-13.68,31.5920217,120.7810039,2.683,13631373.464,24927558.385,2.683,0.000,0.000,0.000,0.000,0.000,0.000,0.000,15,14,4*6A
$GPGGA,075305.80,3135.5213807,N,12046.8604010,E,4,14,2.0,2.6047,M,8.327,M,00,0004*6B
$GPHPD,0,0.000,58.52,0.01,-13.67,31.5920230,120.7810067,2.605,13631372.670,24927559.920,2.605,0.000,0.000,0.000,0.000,0.000,0.000,0.000,14,14,4*60
$GPGGA,075306.00,3135.5214650,N,12046.8605645,E,4,15,2.0,2.6062,M,8.327,M,01,0004*6B
$GPHPD,0,0.000,58.53,0.34,-13.67,31.5920244,120.7810094,2.606,13631371.800,24927561.401,2.606,0.000,0.000,0.000,0.000,0.000,0.000,0.000,15,14,4*66
$GPGGA,075306.20,3135.5215484,N,12046.8607287,E,4,14,2.0,2.5941,M,8.327,M,01,0004*61
$GPHPD,0,0.000,58.65,0.39,-13.68,31.5920258,120.7810121,2.594,13631370.945,24927562.896,2.594,0.000,0.000,0.000,0.000,0.000,0.000,0.000,14,13,4*65
$GPGGA,075306.40,3135.5216317,N,12046.8608924,E,4,14,2.0,2.6062,M,8.327,M,01,0004*6F
$GPHPD,0,0.000,58.21,0.05,-13.68,31.5920272,120.7810149,2.606,13631370.090,24927564.385,2.606,0.000,0.000,0.000,0.000,0.000,0.000,0.000,14,13,4*62
$GPGGA,075306.60,3135.5217202,N,12046.8610574,E,4,14,2.0,2.6088,M,8.327,M,00,0004*6C
$GPHPD,0,0.000,58.21,0.31,-13.70,31.5920287,120.7810176,2.609,13631369.164,24927565.860,2.609,0.000,0.000,0.000,0.000,0.000,0.000,0.000,14,13,4*69
$GPGGA,075306.80,3135.5218067,N,12046.8612251,E,4,15,2.0,2.6141,M,8.327,M,00,0004*6B
$GPHPD,0,0.000,58.01,0.11,-13.71,31.5920301,120.7810204,2.614,13631368.272,24927567.378,2.614,0.000,0.000,0.000,0.000,0.000,0.000,0.000,15,14,4*62
$GPGGA,075307.00,3135.5218938,N,12046.8613893,E,4,15,2.0,2.6124,M,8.327,M,01,0004*66
$GPHPD,0,0.000,57.66,-0.36,-13.70,31.5920316,120.7810232,2.612,13631367.364,24927568.851,2.612,0.000,0.000,0.000,0.000,0.000,0.000,0.000,15,14,4*40
$GPGGA,075307.20,3135.5219832,N,12046.8615524,E,4,14,2.0,2.5971,M,8.327,M,01,0004*63
$GPHPD,0,0.000,57.53,0.21,-13.69,31.5920331,120.7810259,2.597,13631366.422,24927570.298,2.597,0.000,0.000,0.000,0.000,0.000,0.000,0.000,14,14,4*6E
$GPGGA,075307.40,3135.5220707,N,12046.8617246,E,4,16,2.0,2.6096,M,8.327,M,01,0004*66
$GPHPD,0,0.000,57.44,0.74,-13.68,31.5920345,120.7810287,2.610,13631365.525,24927571.865,2.610,0.000,0.000,0.000,0.000,0.000,0.000,0.000,16,15,4*66
$GPGGA,075307.60,3135.5221618,N,12046.8618871,E,4,16,1.7,2.6148,M,8.327,M,00,0004*6C
$GPHPD,0,0.000,57.26,0.24,-13.68,31.5920360,120.7810315,2.615,13631364.557,24927573.294,2.615,0.000,0.000,0.000,0.000,0.000,0.000,0.000,16,15,4*68
$GPGGA,075307.80,3135.5222524,N,12046.8620547,E,4,16,1.7,2.6051,M,8.327,M,00,0004*67
$GPHPD,0,0.000,57.00,-0.10,-13.68,31.5920375,120.7810342,2.605,13631363.606,24927574.788,2.605,0.000,0.000,0.000,0.000,0.000,0.000,0.000,16,15,4*4F
$GPGGA,075308.00,3135.5223441,N,12046.8622214,E,4,16,1.7,2.6216,M,8.327,M,01,0004*60
$GPHPD,0,0.000,56.83,1.04,-13.68,31.5920391,120.7810370,2.622,13631362.638,24927576.264,2.622,0.000,0.000,0.000,0.000,0.000,0.000,0.000,16,15,4*6E
$GPGGA,075308.20,3135.5224353,N,12046.8623892,E,4,16,1.7,2.6172,M,8.327,M,01,0004*65
$GPHPD,0,0.000,56.59,0.69,-13.67,31.5920406,120.7810398,2.617,13631361.679,24927577.757,2.617,0.000,0.000,0.000,0.000,0.000,0.000,0.000,16,15,4*61
$GPGGA,075308.40,3135.5225263,N,12046.8625556,E,4,16,1.7,2.6313,M,8.327,M,01,0004*66
$GPHPD,0,0.000,56.35,0.10,-13.65,31.5920421,120.7810426,2.631,13631360.720,24927579.233,2.631,0.000,0.000,0.000,0.000,0.000,0.000,0.000,16,15,4*65
$GPGGA,075308.60,3135.5226196,N,12046.8627240,E,4,16,1.7,2.6331,M,8.327,M,00,0004*6D
$GPHPD,0,0.000,56.17,0.16,-13.61,31.5920437,120.7810454,2.633,13631359.733,24927580.721,2.633,0.000,0.000,0.000,0.000,0.000,0.000,0.000,16,15,4*6D
$GPGGA,075308.80,3135.5227130,N,12046.8628898,E,4,16,1.7,2.6408,M,8.327,M,00,0004*63
$GPHPD,0,0.000,56.16,0.08,-13.57,31.5920452,120.7810482,2.641,13631358.739,24927582.177,2.641,0.000,0.000,0.000,0.000,0.000,0.000,0.000,16,15,4*62
$GPGGA,075309.00,3135.5228063,N,12046.8630547,E,4,16,1.7,2.6438,M,8.327,M,01,0004*66
$GPHPD,0,0.000,55.99,-0.59,-13.53,31.5920468,120.7810509,2.644,13631357.744,24927583.622,2.644,0.000,0.000,0.000,0.000,0.000,0.000,0.000,16,15,4*43
$GPGGA,075309.20,3135.5229015,N,12046.8632224,E,4,17,1.7,2.6334,M,8.327,M,01,0004*6E
$GPHPD,0,0.000,56.03,-0.22,-13.48,31.5920484,120.7810537,2.633,13631356.729,24927585.090,2.633,0.000,0.000,0.000,0.000,0.000,0.000,0.000,17,16,4*4B
$GPGGA,075309.40,3135.5229961,N,12046.8633879,E,4,17,1.7,2.6450,M,8.327,M,01,0004*64
$GPHPD,0,0.000,55.93,0.47,-13.43,31.5920499,120.7810565,2.645,13631355.717,24927586.535,2.645,0.000,0.000,0.000,0.000,0.000,0.000,0.000,17,16,4*68
$GPGGA,075309.60,3135.5230888,N,12046.8635575,E,4,17,1.6,2.6419,M,8.327,M,00,0004*62
$GPHPD,0,0.000,55.97,-0.37,-13.40,31.5920515,120.7810593,2.642,13631354.740,24927588.041,2.642,0.000,0.000,0.000,0.000,0.000,0.000,0.000,17,16,4*42
$GPGGA,075309.80,3135.5231846,N,12046.8637212,E,4,17,1.6,2.6291,M,8.327,M,00,0004*6D
$GPHPD,0,0.000,55.75,-0.03,-13.37,31.5920531,120.7810620,2.629,13631353.708,24927589.457,2.629,0.000,0.000,0.000,0.000,0.000,0.000,0.000,17,16,4*4D
$GPGGA,075310.00,3135.5232769,N,12046.8638869,E,4,17,1.6,2.6379,M,8.327,M,01,0004*63
$GPHPD,0,0.000,55.86,0.54,-13.34,31.5920546,120.7810648,2.638,13631352.729,24927590.918,2.638,0.000,0.000,0.000,0.000,0.000,0.000,0.000,17,16,4*6F
$GPGGA,075310.20,3135.5233731,N,12046.8640491,E,4,17,1.6,2.6435,M,8.327,M,01,0004*66
$GPHPD,0,0.000,55.37,0.35,-13.32,31.5920562,120.7810675,2.644,13631351.688,24927592.314,2.644,0.000,0.000,0.000,0.000,0.000,0.000,0.000,17,16,4*61
$GPGGA,075310.40,3135.5234691,N,12046.8642170,E,4,17,1.6,2.6312,M,8.327,M,01,0004*66
$GPHPD,0,0.000,55.06,-0.50,-13.29,31.5920578,120.7810703,2.631,13631350.661,24927593.779,2.631,0.000,0.000,0.000,0.000,0.000,0.000,0.000,17,16,4*44
$GPGGA,075310.60,3135.5235648,N,12046.8643813,E,4,17,1.6,2.6420,M,8.327,M,00,0004*6B
$GPHPD,0,0.000,54.97,0.54,-13.29,31.5920594,120.7810730,2.642,13631349.632,24927595.203,2.642,0.000,0.000,0.000,0.000,0.000,0.000,0.000,17,16,4*66
$GPGGA,075310.80,3135.5236642,N,12046.8645448,E,4,17,1.6,2.6331,M,8.327,M,00,0004*6F
$GPHPD,0,0.000,54.48,-0.13,-13.26,31.5920611,120.7810757,2.633,13631348.548,24927596.596,2.633,0.000,0.000,0.000,0.000,0.000,0.000,0.000,17,16,4*4D
$GPGGA,075311.00,3135.5237608,N,12046.8647054,E,4,17,1.4,2.6442,M,8.327,M,01,0004*62
$GPHPD,0,0.000,54.20,-0.01,-13.23,31.5920627,120.7810784,2.644,13631347.498,24927597.971,2.644,0.000,0.000,0.000,0.000,0.000,0.000,0.000,17,16,4*49
$GPGGA,075311.20,3135.5238602,N,12046.8648700,E,4,17,1.4,2.6281,M,8.327,M,01,0004*65
$GPHPD,0,0.000,54.04,-0.32,-13.23,31.5920643,120.7810812,2.628,13631346.416,24927599.377,2.628,0.000,0.000,0.000,0.000,0.000,0.000,0.000,17,16,4*48
$GPGGA,075311.40,3135.5239566,N,12046.8650337,E,4,17,1.6,2.6399,M,8.327,M,01,0004*60
$GPHPD,0,0.000,54.27,0.72,-13.21,31.5920659,120.7810839,2.640,13631345.375,24927600.790,2.640,0.000,0.000,0.000,0.000,0.000,0.000,0.000,17,16,4*6F
$GPGGA,075311.60,3135.5240594,N,12046.8651942,E,4,17,1.6,2.6355,M,8.327,M,00,0004*69
$GPHPD,0,0.000,54.03,0.62,-13.18,31.5920677,120.7810866,2.636,13631344.237,24927602.127,2.636,0.000,0.000,0.000,0.000,0.000,0.000,0.000,17,16,4*6A
$GPGGA,075311.80,3135.5241541,N,12046.8653581,E,4,17,1.6,2.6413,M,8.327,M,00,0004*6A
$GPHPD,0,0.000,54.19,0.91,-13.18,31.5920692,120.7810893,2.641,13631343.220,24927603.552,2.641,0.000,0.000,0.000,0.000,0.000,0.000,0.000,17,16,4*6A
$GPGGA,075312.00,3135.5242495,N,12046.8655197,E,4,17,1.6,2.6393,M,8.327,M,01,0004*61
$GPHPD,0,0.000,54.33,0.55,-13.16,31.5920708,120.7810920,2.639,13631342.189,24927604.945,2.639,0.000,0.000,0.000,0.000,0.000,0.000,0.000,17,16,4*63
$GPGGA,075312.20,3135.5243459,N,12046.8656807,E,4,17,1.6,2.6545,M,8.327,M,01,0004*6C
$GPHPD,0,0.000,54.36,0.58,-13.15,31.5920724,120.7810947,2.655,13631341.143,24927606.325,2.655,0.000,0.000,0.000,0.000,0.000,0.000,0.000,17,16,4*6C
$GPGGA,075312.40,3135.5244419,N,12046.8658424,E,4,17,1.6,2.6605,M,8.327,M,01,0004*6D
$GPHPD,0,0.000,54.58,0.18,-13.15,31.5920740,120.7810974,2.661,13631340.104,24927607.716,2.661,0.000,0.000,0.000,0.000,0.000,0.000,0.000,17,16,4*65
$GPGGA,075312.60,3135.5245352,N,12046.8660026,E,4,17,1.6,2.6665,M,8.328,M,00,0004*63
$GPHPD,0,0.000,54.68,-0.45,-13.14,31.5920756,120.7811000,2.667,13631339.100,24927609.105,2.667,0.000,0.000,0.000,0.000,0.000,0.000,0.000,17,16,4*4E
$GPGGA,075312.80,3135.5246305,N,12046.8661637,E,4,17,1.6,2.6648,M,8.328,M,00,0004*64
$GPHPD,0,0.000,54.56,-0.68,-13.14,31.5920772,120.7811027,2.665,13631338.069,24927610.493,2.665,0.000,0.000,0.000,0.000,0.000,0.000,0.000,17,16,4*42
$GPGGA,075313.00,3135.5247261,N,12046.8663274,E,4,16,1.6,2.6569,M,8.328,M,01,0004*6E
$GPHPD,0,0.000,55.08,-0.50,-13.10,31.5920788,120.7811055,2.657,13631337.040,24927611.910,2.657,0.000,0.000,0.000,0.000,0.000,0.000,0.000,16,16,4*45
$GPGGA,075313.20,3135.5248178,N,12046.8664865,E,4,17,1.6,2.6547,M,8.328,M,01,0004*68
$GPHPD,0,0.000,55.06,-0.14,-13.08,31.5920803,120.7811081,2.655,13631336.056,24927613.295,2.655,0.000,0.000,0.000,0.000,0.000,0.000,0.000,17,16,4*44
$GPGGA,075313.40,3135.5249149,N,12046.8666496,E,4,17,1.6,2.6553,M,8.328,M,01,0004*6A
$GPHPD,0,0.000,54.80,-0.38,-13.06,31.5920819,120.7811108,2.655,13631335.004,24927614.697,2.655,0.000,0.000,0.000,0.000,0.000,0.000,0.000,17,16,4*45
$GPGGA,075313.60,3135.5250128,N,12046.8668109,E,4,17,1.6,2.6409,M,8.328,M,00,0004*65
$GPHPD,0,0.000,54.74,0.09,-13.04,31.5920835,120.7811135,2.641,13631333.937,24927616.072,2.641,0.000,0.000,0.000,0.000,0.000,0.000,0.000,17,16,4*63
$GPGGA,075313.80,3135.5251079,N,12046.8669717,E,4,17,1.6,2.6420,M,8.328,M,00,0004*6C
$GPHPD,0,0.000,54.65,0.57,-13.03,31.5920851,120.7811162,2.642,13631332.909,24927617.457,2.642,0.000,0.000,0.000,0.000,0.000,0.000,0.000,17,16,4*61
$GPGGA,075314.00,3135.5252031,N,12046.8671316,E,4,17,1.6,2.6454,M,8.328,M,01,0004*62
$GPHPD,0,0.000,54.22,0.19,-13.02,31.5920867,120.7811189,2.645,13631331.877,24927618.831,2.645,0.000,0.000,0.000,0.000,0.000,0.000,0.000,17,16,4*61
$GPGGA,075314.20,3135.5253019,N,12046.8672936,E,4,17,1.6,2.6394,M,8.328,M,01,0004*6B
$GPHPD,0,0.000,54.25,0.28,-13.02,31.5920884,120.7811216,2.639,13631330.799,24927620.210,2.639,0.000,0.000,0.000,0.000,0.000,0.000,0.000,17,16,4*60
$GPGGA,075314.40,3135.5253949,N,12046.8674555,E,4,17,1.7,2.6560,M,8.328,M,01,0004*62
$GPHPD,0,0.000,54.15,0.57,-13.03,31.5920899,120.7811243,2.656,13631329.802,24927621.620,2.656,0.000,0.000,0.000,0.000,0.000,0.000,0.000,17,16,4*65
$GPGGA,075314.60,3135.5254939,N,12046.8676151,E,4,17,1.6,2.6469,M,8.328,M,00,0004*6A
$GPHPD,0,0.000,54.10,0.32,-13.03,31.5920916,120.7811269,2.647,13631328.716,24927622.969,2.647,0.000,0.000,0.000,0.000,0.000,0.000,0.000,17,16,4*67
$GPGGA,075314.80,3135.5255882,N,12046.8677743,E,4,17,1.6,2.6491,M,8.328,M,00,0004*67
$GPHPD,0,0.000,54.23,0.33,-13.03,31.5920931,120.7811296,2.649,13631327.696,24927624.339,2.649,0.000,0.000,0.000,0.000,0.000,0.000,0.000,17,16,4*6C
$GPGGA,075315.00,3135.5256849,N,12046.8679328,E,4,17,1.6,2.6556,M,8.328,M,01,0004*66
$GPHPD,0,0.000,54.49,0.95,-13.03,31.5920947,120.7811322,2.656,13631326.640,24927625.688,2.656,0.000,0.000,0.000,0.000,0.000,0.000,0.000,17,16,4*67
$GPGGA,075315.20,3135.5257808,N,12046.8680928,E,4,17,1.6,2.6485,M,8.328,M,01,0004*63
$GPHPD,0,0.000,54.70,0.58,-13.03,31.5920963,120.7811349,2.649,13631325.599,24927627.059,2.649,0.000,0.000,0.000,0.000,0.000,0.000,0.000,17,16,4*6B
$GPGGA,075315.40,3135.5258755,N,12046.8682550,E,4,17,1.6,2.6573,M,8.328,M,01,0004*64
$GPHPD,0,0.000,54.93,0.65,-13.05,31.5920979,120.7811376,2.657,13631324.579,24927628.464,2.657,0.000,0.000,0.000,0.000,0.000,0.000,0.000,17,16,4*63
$GPGGA,075315.60,3135.5259672,N,12046.8684147,E,4,17,1.6,2.6607,M,8.328,M,00,0004*66
$GPHPD,0,0.000,54.84,0.10,-13.06,31.5920995,120.7811402,2.661,13631323.597,24927629.855,2.661,0.000,0.000,0.000,0.000,0.000,0.000,0.000,17,15,4*69
$GPGGA,075315.80,3135.5260641,N,12046.8685723,E,4,17,1.6,2.6710,M,8.328,M,00,0004*60
$GPHPD,0,0.000,54.71,-0.14,-13.07,31.5921011,120.7811429,2.671,13631322.537,24927631.192,2.671,0.000,0.000,0.000,0.000,0.000,0.000,0.000,17,15,4*46
$GPGGA,075316.00,3135.5261571,N,12046.8687336,E,4,17,1.6,2.6699,M,8.328,M,01,0004*69
$GPHPD,0,0.000,54.94,0.17,-13.09,31.5921026,120.7811456,2.670,13631321.539,24927632.595,2.670,0.000,0.000,0.000,0.000,0.000,0.000,0.000,17,15,4*6C
$GPGGA,075316.20,3135.5262493,N,12046.8688937,E,4,17,1.6,2.6818,M,8.328,M,01,0004*66
$GPHPD,0,0.000,54.85,0.03,-13.09,31.5921042,120.7811482,2.682,13631320.551,24927633.989,2.682,0.000,0.000,0.000,0.000,0.000,0.000,0.000,17,15,4*6D
$GPGGA,075316.40,3135.5263429,N,12046.8690538,E,4,15,1.7,2.6676,M,8.328,M,01,0004*6F
$GPHPD,0,0.000,54.79,0.08,-13.10,31.5921057,120.7811509,2.668,13631319.543,24927635.375,2.668,0.000,0.000,0.000,0.000,0.000,0.000,0.000,15,14,4*6E
$GPGGA,075316.60,3135.5264355,N,12046.8692150,E,4,15,1.7,2.6676,M,8.328,M,00,0004*6F
$GPHPD,0,0.000,55.07,-0.66,-13.11,31.5921073,120.7811536,2.668,13631318.551,24927636.780,2.668,0.000,0.000,0.000,0.000,0.000,0.000,0.000,15,14,4*47
$GPGGA,075316.80,3135.5265281,N,12046.8693762,E,4,15,1.7,2.6666,M,8.328,M,00,0004*6F
$GPHPD,0,0.000,55.23,-0.58,-13.11,31.5921088,120.7811563,2.667,13631317.559,24927638.185,2.667,0.000,0.000,0.000,0.000,0.000,0.000,0.000,15,14,4*42
$GPGGA,075317.00,3135.5266198,N,12046.8695378,E,4,15,1.7,2.6631,M,8.328,M,01,0004*64
$GPHPD,0,0.000,55.67,0.49,-13.11,31.5921103,120.7811590,2.663,13631316.580,24927639.600,2.663,0.000,0.000,0.000,0.000,0.000,0.000,0.000,15,14,4*6F
$GPGGA,075317.20,3135.5267111,N,12046.8696984,E,4,15,1.7,2.6738,M,8.328,M,01,0004*64
$GPHPD,0,0.000,55.74,-0.08,-13.11,31.5921119,120.7811616,2.674,13631315.606,24927641.005,2.674,0.000,0.000,0.000,0.000,0.000,0.000,0.000,15,14,4*41
$GPGGA,075317.40,3135.5268040,N,12046.8698631,E,4,17,1.7,2.6439,M,8.328,M,01,0004*67
$GPHPD,0,0.000,55.90,-0.58,-13.11,31.5921134,120.7811644,2.644,13631314.616,24927642.450,2.644,0.000,0.000,0.000,0.000,0.000,0.000,0.000,17,16,4*41
$GPGGA,075317.60,3135.5268970,N,12046.8700307,E,4,17,1.7,2.6548,M,8.328,M,00,0004*69
$GPHPD,0,0.000,56.25,1.04,-13.13,31.5921150,120.7811672,2.655,13631313.632,24927643.930,2.655,0.000,0.000,0.000,0.000,0.000,0.000,0.000,17,16,4*67
$GPGGA,075317.80,3135.5269811,N,12046.8701888,E,4,17,1.7,2.6735,M,8.328,M,00,0004*65
$GPHPD,0,0.000,56.14,0.42,-13.13,31.5921164,120.7811698,2.674,13631312.754,24927645.346,2.674,0.000,0.000,0.000,0.000,0.000,0.000,0.000,17,16,4*68
$GPGGA,075318.00,3135.5270721,N,12046.8703516,E,4,17,1.7,2.6590,M,8.328,M,01,0004*62
$GPHPD,0,0.000,56.22,0.28,-13.15,31.5921179,120.7811725,2.659,13631311.788,24927646.780,2.659,0.000,0.000,0.000,0.000,0.000,0.000,0.000,17,16,4*63
$GPGGA,075318.20,3135.5271598,N,12046.8705120,E,4,17,1.4,2.6764,M,8.328,M,01,0004*6C
$GPHPD,0,0.000,56.25,0.18,-13.16,31.5921193,120.7811752,2.676,13631310.864,24927648.204,2.676,0.000,0.000,0.000,0.000,0.000,0.000,0.000,17,15,4*68
$GPGGA,075318.40,3135.5272501,N,12046.8706747,E,4,17,1.4,2.6781,M,8.328,M,01,0004*66
$GPHPD,0,0.000,56.62,0.78,-13.18,31.5921208,120.7811779,2.678,13631309.908,24927649.640,2.678,0.000,0.000,0.000,0.000,0.000,0.000,0.000,17,15,4*6D
$GPGGA,075318.60,3135.5273405,N,12046.8708344,E,4,17,1.6,2.6627,M,8.328,M,00,0004*67
$GPHPD,0,0.000,56.62,0.28,-13.19,31.5921223,120.7811806,2.663,13631308.944,24927651.039,2.663,0.000,0.000,0.000,0.000,0.000,0.000,0.000,17,15,4*6F
$GPGGA,075318.80,3135.5274286,N,12046.8709996,E,4,17,1.6,2.6841,M,8.328,M,00,0004*69
$GPHPD,0,0.000,57.19,1.10,-13.19,31.5921238,120.7811833,2.684,13631308.025,24927652.519,2.684,0.000,0.000,0.000,0.000,0.000,0.000,0.000,17,15,4*6E
$GPGGA,075319.00,3135.5275163,N,12046.8711659,E,4,17,1.6,2.6570,M,8.328,M,01,0004*62
$GPHPD,0,0.000,57.21,0.55,-13.20,31.5921253,120.7811861,2.657,13631307.113,24927654.013,2.657,0.000,0.000,0.000,0.000,0.000,0.000,0.000,17,15,4*67
$GPGGA,075319.20,3135.5276035,N,12046.8713304,E,4,17,1.8,2.6843,M,8.328,M,01,0004*6D
$GPHPD,0,0.000,57.23,0.43,-13.18,31.5921267,120.7811888,2.684,13631306.204,24927655.489,2.684,0.000,0.000,0.000,0.000,0.000,0.000,0.000,17,15,4*6B
$GPGGA,075319.40,3135.5276939,N,12046.8714995,E,4,15,1.7,2.6679,M,8.328,M,01,0004*61
$GPHPD,0,0.000,57.47,-0.02,-13.18,31.5921282,120.7811917,2.668,13631305.259,24927657.002,2.668,0.000,0.000,0.000,0.000,0.000,0.000,0.000,15,14,4*40
$GPGGA,075319.60,3135.5277798,N,12046.8716628,E,4,15,1.7,2.6760,M,8.328,M,00,0004*64
$GPHPD,0,0.000,57.58,0.13,-13.16,31.5921297,120.7811944,2.676,13631304.367,24927658.471,2.676,0.000,0.000,0.000,0.000,0.000,0.000,0.000,15,14,4*6D
$GPGGA,075319.80,3135.5278642,N,12046.8718247,E,4,15,1.7,2.7003,M,8.328,M,00,0004*63
$GPHPD,0,0.000,57.87,0.96,-13.14,31.5921311,120.7811971,2.700,13631303.493,24927659.932,2.700,0.000,0.000,0.000,0.000,0.000,0.000,0.000,15,14,4*69
$GPGGA,075320.00,3135.5279554,N,12046.8719963,E,4,15,1.7,2.6713,M,8.328,M,01,0004*6E
$GPHPD,0,0.000,57.27,-1.22,-13.15,31.5921326,120.7811999,2.671,13631302.542,24927661.471,2.671,0.000,0.000,0.000,0.000,0.000,0.000,0.000,15,14,4*4E
$GPGGA,075320.20,3135.5280404,N,12046.8721629,E,4,15,1.7,2.6880,M,8.328,M,01,0004*61
$GPHPD,0,0.000,57.56,-0.65,-13.13,31.5921340,120.7812027,2.688,13631301.668,24927662.985,2.688,0.000,0.000,0.000,0.000,0.000,0.000,0.000,15,14,4*4E
$GPGGA,075320.40,3135.5281288,N,12046.8723290,E,4,16,1.7,2.7040,M,8.328,M,01,0004*66
$GPHPD,0,0.000,57.58,-1.01,-13.13,31.5921355,120.7812055,2.704,13631300.746,24927664.473,2.704,0.000,0.000,0.000,0.000,0.000,0.000,0.000,16,15,4*4E
$GPGGA,075320.60,3135.5282161,N,12046.8724973,E,4,16,1.7,2.7041,M,8.328,M,00,0004*62
$GPHPD,0,0.000,57.79,-0.58,-13.15,31.5921369,120.7812083,2.704,13631299.844,24927665.995,2.704,0.000,0.000,0.000,0.000,0.000,0.000,0.000,16,15,4*4A
$GPGGA,075320.80,3135.5283049,N,12046.8726615,E,4,16,1.7,2.6796,M,8.328,M,00,0004*67
$GPHPD,0,0.000,57.83,-0.60,-13.15,31.5921384,120.7812110,2.680,13631298.912,24927667.458,2.680,0.000,0.000,0.000,0.000,0.000,0.000,0.000,16,15,4*41
$GPGGA,075321.00,3135.5283924,N,12046.8728286,E,4,16,1.7,2.6586,M,8.328,M,01,0004*6E
$GPHPD,0,0.000,57.88,-0.36,-13.18,31.5921399,120.7812138,2.659,13631298.004,24927668.963,2.659,0.000,0.000,0.000,0.000,0.000,0.000,0.000,16,15,4*46
$GPGGA,075321.20,3135.5284799,N,12046.8729968,E,4,16,1.7,2.6561,M,8.328,M,01,0004*60
$GPHPD,0,0.000,58.34,1.60,-13.18,31.5921413,120.7812166,2.656,13631297.099,24927670.482,2.656,0.000,0.000,0.000,0.000,0.000,0.000,0.000,16,15,4*6F
$GPGGA,075321.40,3135.5285637,N,12046.8731664,E,4,16,1.6,2.6833,M,8.328,M,01,0004*63
$GPHPD,0,0.000,58.23,1.77,-13.19,31.5921427,120.7812194,2.683,13631296.249,24927672.040,2.683,0.000,0.000,0.000,0.000,0.000,0.000,0.000,16,15,4*62
$GPGGA,075321.60,3135.5286517,N,12046.8733347,E,4,16,1.6,2.6719,M,8.328,M,00,0004*63
$GPHPD,0,0.000,57.94,0.24,-13.21,31.5921442,120.7812222,2.672,13631295.337,24927673.557,2.672,0.000,0.000,0.000,0.000,0.000,0.000,0.000,16,15,4*69
$GPGGA,075321.80,3135.5287392,N,12046.8735037,E,4,16,1.6,2.6696,M,8.328,M,00,0004*63
$GPHPD,0,0.000,58.28,0.92,-13.19,31.5921457,120.7812251,2.670,13631294.433,24927675.085,2.670,0.000,0.000,0.000,0.000,0.000,0.000,0.000,16,15,4*69
$GPGGA,075322.00,3135.5288241,N,12046.8736700,E,4,16,1.6,2.6953,M,8.328,M,01,0004*6F
$GPHPD,0,0.000,58.78,2.16,-13.19,31.5921471,120.7812278,2.695,13631293.561,24927676.597,2.695,0.000,0.000,0.000,0.000,0.000,0.000,0.000,16,15,4*69
$GPGGA,075322.20,3135.5289111,N,12046.8738413,E,4,16,1.6,2.7001,M,8.328,M,01,0004*6A
$GPHPD,0,0.000,58.46,-0.09,-13.19,31.5921485,120.7812307,2.700,13631292.669,24927678.156,2.700,0.000,0.000,0.000,0.000,0.000,0.000,0.000,16,15,4*4A
$GPGGA,075322.40,3135.5289984,N,12046.8740112,E,4,16,1.6,2.6912,M,8.328,M,01,0004*69
$GPHPD,0,0.000,58.58,0.33,-13.17,31.5921500,120.7812335,2.691,13631291.770,24927679.696,2.691,0.000,0.000,0.000,0.000,0.000,0.000,0.000,16,14,4*63
$GPGGA,075322.60,3135.5290838,N,12046.8741822,E,4,16,1.6,2.6890,M,8.328,M,00,0004*64
$GPHPD,0,0.000,58.61,0.72,-13.17,31.5921514,120.7812364,2.689,13631290.900,24927681.261,2.689,0.000,0.000,0.000,0.000,0.000,0.000,0.000,16,14,4*6E
$GPGGA,075322.80,3135.5291694,N,12046.8743520,E,4,16,1.6,2.7195,M,8.328,M,00,0004*63
$GPHPD,0,0.000,58.49,0.44,-13.14,31.5921528,120.7812392,2.720,13631290.024,24927682.810,2.720,0.000,0.000,0.000,0.000,0.000,0.000,0.000,16,14,4*64
$GPGGA,075323.00,3135.5292565,N,12046.8745248,E,4,17,1.7,2.6847,M,8.328,M,01,0004*6D
$GPHPD,0,0.000,58.50,-0.03,-13.14,31.5921543,120.7812421,2.685,13631289.134,24927684.387,2.685,0.000,0.000,0.000,0.000,0.000,0.000,0.000,17,14,4*4A
$GPGGA,075323.20,3135.5293465,N,12046.8746960,E,4,17,1.7,2.7050,M,8.328,M,01,0004*62
$GPHPD,0,0.000,59.00,1.40,-13.13,31.5921558,120.7812449,2.705,13631288.199,24927685.928,2.705,0.000,0.000,0.000,0.000,0.000,0.000,0.000,17,14,4*6E
$GPGGA,075323.40,3135.5294314,N,12046.8748676,E,4,16,2.0,2.6925,M,8.328,M,01,0004*6B
$GPHPD,0,0.000,59.12,0.93,-13.11,31.5921572,120.7812478,2.693,13631287.338,24927687.503,2.693,0.000,0.000,0.000,0.000,0.000,0.000,0.000,16,15,4*6B
$GPGGA,075323.60,3135.5295223,N,12046.8750395,E,4,17,1.7,2.6895,M,8.328,M,00,0004*62
$GPHPD,0,0.000,59.49,1.44,-13.07,31.5921587,120.7812507,2.690,13631286.391,24927689.047,2.690,0.000,0.000,0.000,0.000,0.000,0.000,0.000,17,15,4*62
$GPGGA,075323.80,3135.5296078,N,12046.8752075,E,4,17,1.7,2.7169,M,8.328,M,00,0004*67
$GPHPD,0,0.000,59.42,1.12,-13.04,31.5921601,120.7812535,2.717,13631285.514,24927690.575,2.717,0.000,0.000,0.000,0.000,0.000,0.000,0.000,17,15,4*61
$GPGGA,075324.00,3135.5296943,N,12046.8753820,E,4,17,1.7,2.7211,M,8.328,M,01,0004*6D
$GPHPD,0,0.000,59.41,1.20,-13.00,31.5921616,120.7812564,2.721,13631284.635,24927692.175,2.721,0.000,0.000,0.000,0.000,0.000,0.000,0.000,17,15,4*62
$GPGGA,075324.20,3135.5297806,N,12046.8755522,E,4,17,1.7,2.7234,M,8.328,M,01,0004*60
$GPHPD,0,0.000,59.35,1.35,-12.99,31.5921630,120.7812592,2.723,13631283.751,24927693.725,2.723,0.000,0.000,0.000,0.000,0.000,0.000,0.000,17,15,4*6F
$GPGGA,075324.40,3135.5298676,N,12046.8757225,E,4,17,1.7,2.7463,M,8.328,M,01,0004*66
$GPHPD,0,0.000,59.13,1.34,-12.99,31.5921645,120.7812620,2.746,13631282.857,24927695.273,2.746,0.000,0.000,0.000,0.000,0.000,0.000,0.000,17,15,4*6A
$GPGGA,075324.60,3135.5299568,N,12046.8758923,E,4,17,1.7,2.7245,M,8.328,M,00,0004*68
$GPHPD,0,0.000,58.08,-0.23,-13.00,31.5921659,120.7812649,2.725,13631281.931,24927696.801,2.725,0.000,0.000,0.000,0.000,0.000,0.000,0.000,17,15,4*46
$GPGGA,075324.80,3135.5300437,N,12046.8760641,E,4,17,1.7,2.7411,M,8.328,M,00,0004*6B
$GPHPD,0,0.000,58.11,1.01,-13.01,31.5921674,120.7812677,2.741,13631281.041,24927698.367,2.741,0.000,0.000,0.000,0.000,0.000,0.000,0.000,17,15,4*6A
$GPGGA,075325.00,3135.5301306,N,12046.8762375,E,4,17,2.0,2.7571,M,8.328,M,01,0004*64
$GPHPD,0,0.000,57.33,-0.95,-12.99,31.5921688,120.7812706,2.757,13631280.155,24927699.952,2.757,0.000,0.000,0.000,0.000,0.000,0.000,0.000,17,15,4*48
$GPGGA,075325.20,3135.5302208,N,12046.8764058,E,4,17,1.7,2.7644,M,8.328,M,01,0004*61
$GPHPD,0,0.000,57.03,-1.09,-12.98,31.5921703,120.7812734,2.764,13631279.211,24927701.456,2.764,0.000,0.000,0.000,0.000,0.000,0.000,0.000,17,15,4*41
$GPGGA,075325.40,3135.5303117,N,12046.8765788,E,4,16,1.7,2.7728,M,8.328,M,01,0004*6A
$GPHPD,0,0.000,56.80,-1.18,-12.97,31.5921719,120.7812763,2.773,13631278.267,24927703.013,2.773,0.000,0.000,0.000,0.000,0.000,0.000,0.000,16,14,4*4A
$GPGGA,075325.60,3135.5304035,N,12046.8767477,E,4,16,1.6,2.7462,M,8.328,M,00,0004*62
$GPHPD,0,0.000,57.24,-1.04,-12.97,31.5921734,120.7812791,2.746,13631277.302,24927704.515,2.746,0.000,0.000,0.000,0.000,0.000,0.000,0.000,16,14,4*43
$GPGGA,075325.80,3135.5304929,N,12046.8769173,E,4,16,1.6,2.7301,M,8.328,M,00,0004*65
$GPHPD,0,0.000,57.95,1.49,-12.98,31.5921749,120.7812820,2.730,13631276.373,24927706.040,2.730,0.000,0.000,0.000,0.000,0.000,0.000,0.000,16,14,4*6D
$GPGGA,075326.00,3135.5305817,N,12046.8770902,E,4,16,1.6,2.7472,M,8.328,M,01,0004*67
$GPHPD,0,0.000,57.89,0.28,-12.95,31.5921764,120.7812848,2.747,13631275.458,24927707.608,2.747,0.000,0.000,0.000,0.000,0.000,0.000,0.000,16,14,4*6C
$GPGGA,075326.20,3135.5306788,N,12046.8772622,E,4,16,1.8,2.7049,M,8.328,M,01,0004*62
$GPHPD,0,0.000,57.93,-1.50,-12.94,31.5921780,120.7812877,2.705,13631274.424,24927709.117,2.705,0.000,0.000,0.000,0.000,0.000,0.000,0.000,16,14,4*4E
$GPGGA,075326.40,3135.5307630,N,12046.8774319,E,4,17,1.4,2.7357,M,8.328,M,01,0004*6D
$GPHPD,0,0.000,58.13,-1.56,-12.93,31.5921794,120.7812905,2.736,13631273.568,24927710.673,2.736,0.000,0.000,0.000,0.000,0.000,0.000,0.000,17,16,4*49
$GPGGA,075326.60,3135.5308507,N,12046.8776054,E,4,16,1.8,2.7563,M,8.328,M,01,0004*63
$GPHPD,0,0.000,58.07,-1.80,-12.90,31.5921808,120.7812934,2.756,13631272.671,24927712.255,2.756,0.000,0.000,0.000,0.000,0.000,0.000,0.000,16,15,4*46
$GPGGA,075326.80,3135.5309398,N,12046.8777764,E,4,16,1.8,2.7213,M,8.328,M,01,0004*69
$GPHPD,0,0.000,57.55,-1.73,-12.89,31.5921823,120.7812963,2.721,13631271.748,24927713.798,2.721,0.000,0.000,0.000,0.000,0.000,0.000,0.000,16,15,4*4C
$GPGGA,075327.00,3135.5310267,N,12046.8779453,E,4,16,1.8,2.7472,M,8.328,M,02,0004*62
$GPHPD,0,0.000,57.75,-1.26,-12.89,31.5921838,120.7812991,2.747,13631270.853,24927715.329,2.747,0.000,0.000,0.000,0.000,0.000,0.000,0.000,16,15,4*45
$GPGGA,075327.20,3135.5311126,N,12046.8781141,E,4,16,1.8,2.7487,M,8.328,M,02,0004*6C
$GPHPD,0,0.000,58.01,-1.02,-12.89,31.5921852,120.7813019,2.749,13631269.972,24927716.865,2.749,0.000,0.000,0.000,0.000,0.000,0.000,0.000,16,15,4*41
$GPGGA,075327.40,3135.5312013,N,12046.8782835,E,4,16,1.8,2.7336,M,8.328,M,02,0004*6A
$GPHPD,0,0.000,58.09,-1.53,-12.90,31.5921867,120.7813047,2.734,13631269.052,24927718.391,2.734,0.000,0.000,0.000,0.000,0.000,0.000,0.000,16,15,4*4D
$GPGGA,075327.60,3135.5312889,N,12046.8784496,E,4,16,1.8,2.7401,M,8.328,M,02,0004*63
$GPHPD,0,0.000,58.23,-0.79,-12.90,31.5921881,120.7813075,2.740,13631268.140,24927719.884,2.740,0.000,0.000,0.000,0.000,0.000,0.000,0.000,16,15,4*48
$GPGGA,075327.80,3135.5313732,N,12046.8786179,E,4,16,1.4,2.7195,M,8.328,M,00,0004*63
$GPHPD,0,0.000,58.80,0.04,-12.91,31.5921896,120.7813103,2.720,13631267.281,24927721.423,2.720,0.000,0.000,0.000,0.000,0.000,0.000,0.000,16,14,4*6B
$GPGGA,075328.00,3135.5314568,N,12046.8787882,E,4,16,1.4,2.7393,M,8.328,M,01,0004*67
$GPHPD,0,0.000,58.92,0.32,-12.92,31.5921909,120.7813131,2.739,13631266.435,24927722.990,2.739,0.000,0.000,0.000,0.000,0.000,0.000,0.000,16,14,4*66
$GPGGA,075328.20,3135.5315421,N,12046.8789564,E,4,16,1.4,2.7355,M,8.328,M,01,0004*69
$GPHPD,0,0.000,58.51,-1.14,-12.92,31.5921924,120.7813159,2.736,13631265.561,24927724.521,2.736,0.000,0.000,0.000,0.000,0.000,0.000,0.000,16,14,4*43
$GPGGA,075328.40,3135.5316287,N,12046.8791259,E,4,16,1.4,2.7287,M,8.328,M,01,0004*68
$GPHPD,0,0.000,58.91,-0.04,-12.94,31.5921938,120.7813188,2.729,13631264.671,24927726.061,2.729,0.000,0.000,0.000,0.000,0.000,0.000,0.000,16,14,4*48
$GPGGA,075328.60,3135.5317119,N,12046.8792978,E,4,16,1.8,2.7342,M,8.328,M,00,0004*61
$GPHPD,0,0.000,59.07,0.58,-12.95,31.5921952,120.7813216,2.734,13631263.834,24927727.650,2.734,0.000,0.000,0.000,0.000,0.000,0.000,0.000,16,14,4*66
$GPGGA,075328.80,3135.5317941,N,12046.8794624,E,4,16,1.4,2.7533,M,8.328,M,00,0004*66
$GPHPD,0,0.000,58.78,-0.34,-12.96,31.5921966,120.7813244,2.753,13631262.997,24927729.156,2.753,0.000,0.000,0.000,0.000,0.000,0.000,0.000,16,14,4*4D
$GPGGA,075329.00,3135.5318837,N,12046.8796316,E,4,15,1.8,2.7168,M,8.328,M,01,0004*62
$GPHPD,0,0.000,58.72,-0.80,-12.97,31.5921981,120.7813272,2.717,13631262.064,24927730.675,2.717,0.000,0.000,0.000,0.000,0.000,0.000,0.000,15,14,4*4D
$GPGGA,075329.20,3135.5319694,N,12046.8798019,E,4,15,1.8,2.7186,M,8.328,M,01,0004*64
$GPHPD,0,0.000,58.81,-0.68,-12.98,31.5921995,120.7813300,2.719,13631261.188,24927732.230,2.719,0.000,0.000,0.000,0.000,0.000,0.000,0.000,15,14,4*4E
$GPGGA,075329.40,3135.5320534,N,12046.8799653,E,4,15,2.0,2.7279,M,8.328,M,01,0004*60
$GPHPD,0,0.000,58.80,-0.85,-12.97,31.5922009,120.7813328,2.728,13631260.323,24927733.711,2.728,0.000,0.000,0.000,0.000,0.000,0.000,0.000,15,14,4*43
$GPGGA,075329.60,3135.5321387,N,12046.8801388,E,4,15,1.8,2.7173,M,8.328,M,00,0004*63
$GPHPD,0,0.000,59.12,-0.57,-12.95,31.5922023,120.7813356,2.717,13631259.459,24927735.307,2.717,0.000,0.000,0.000,0.000,0.000,0.000,0.000,15,13,4*47
$GPGGA,075329.80,3135.5322242,N,12046.8803092,E,4,15,1.8,2.7018,M,8.328,M,00,0004*60
$GPHPD,0,0.000,59.15,-0.39,-12.94,31.5922037,120.7813385,2.702,13631258.587,24927736.864,2.702,0.000,0.000,0.000,0.000,0.000,0.000,0.000,15,13,4*4C
$GPGGA,075330.00,3135.5323066,N,12046.8804805,E,4,15,1.8,2.7111,M,8.328,M,01,0004*6D
$GPHPD,0,0.000,59.22,-0.25,-12.91,31.5922051,120.7813413,2.711,13631257.760,24927738.450,2.711,0.000,0.000,0.000,0.000,0.000,0.000,0.000,15,13,4*49
$GPGGA,075330.20,3135.5323914,N,12046.8806460,E,4,16,1.8,2.7301,M,8.328,M,01,0004*6E
$GPHPD,0,0.000,59.00,0.46,-12.90,31.5922065,120.7813441,2.730,13631256.888,24927739.952,2.730,0.000,0.000,0.000,0.000,0.000,0.000,0.000,16,13,4*65
$GPGGA,075330.40,3135.5324766,N,12046.8808152,E,4,16,1.8,2.7278,M,8.328,M,01,0004*61
$GPHPD,0,0.000,58.82,-0.66,-12.89,31.5922079,120.7813469,2.728,13631256.017,24927741.496,2.728,0.000,0.000,0.000,0.000,0.000,0.000,0.000,16,13,4*4A
$GPGGA,075330.60,3135.5325620,N,12046.8809880,E,4,16,2.0,2.7241,M,8.328,M,01,0004*67
$GPHPD,0,0.000,58.75,0.19,-12.87,31.5922094,120.7813498,2.724,13631255.151,24927743.083,2.724,0.000,0.000,0.000,0.000,0.000,0.000,0.000,16,14,4*61
$GPGGA,075330.80,3135.5326483,N,12046.8811566,E,4,15,2.0,2.7213,M,8.328,M,01,0004*69
$GPHPD,0,0.000,58.61,-0.58,-12.86,31.5922108,120.7813526,2.721,13631254.263,24927744.613,2.721,0.000,0.000,0.000,0.000,0.000,0.000,0.000,15,13,4*42
$GPGGA,075331.00,3135.5327344,N,12046.8813241,E,4,14,2.6,2.7268,M,8.328,M,02,0004*65
$GPHPD,0,0.000,58.54,-0.26,-12.85,31.5922122,120.7813554,2.727,13631253.376,24927746.132,2.727,0.000,0.000,0.000,0.000,0.000,0.000,0.000,14,13,4*46
$GPGGA,075331.20,3135.5328215,N,12046.8814959,E,4,14,2.6,2.6981,M,8.328,M,02,0004*65
$GPHPD,0,0.000,58.45,-0.44,-12.84,31.5922137,120.7813583,2.698,13631252.484,24927747.697,2.698,0.000,0.000,0.000,0.000,0.000,0.000,0.000,14,13,4*4F
$GPGGA,075331.40,3135.5329073,N,12046.8816663,E,4,15,2.2,2.7156,M,8.328,M,02,0004*62
$GPHPD,0,0.000,58.65,0.85,-12.85,31.5922151,120.7813611,2.716,13631251.607,24927749.252,2.716,0.000,0.000,0.000,0.000,0.000,0.000,0.000,15,14,4*6B
$GPGGA,075331.60,3135.5329934,N,12046.8818355,E,4,15,2.2,2.7064,M,8.328,M,02,0004*64
$GPHPD,0,0.000,58.53,-0.06,-12.85,31.5922166,120.7813639,2.706,13631250.724,24927750.791,2.706,0.000,0.000,0.000,0.000,0.000,0.000,0.000,15,14,4*45
$GPGGA,075331.80,3135.5330796,N,12046.8820047,E,4,14,2.2,2.7209,M,8.328,M,00,0004*65
$GPHPD,0,0.000,58.63,0.73,-12.87,31.5922180,120.7813667,2.721,13631249.839,24927752.330,2.721,0.000,0.000,0.000,0.000,0.000,0.000,0.000,14,14,4*6F
$GPGGA,075332.00,3135.5331670,N,12046.8821750,E,4,14,2.2,2.7191,M,8.328,M,01,0004*65
$GPHPD,0,0.000,58.68,0.82,-12.90,31.5922195,120.7813696,2.719,13631248.939,24927753.875,2.719,0.000,0.000,0.000,0.000,0.000,0.000,0.000,14,14,4*6D
$GPGGA,075332.20,3135.5332533,N,12046.8823449,E,4,14,2.2,2.7134,M,8.328,M,01,0004*66
$GPHPD,0,0.000,58.72,0.63,-12.92,31.5922209,120.7813724,2.713,13631248.054,24927755.421,2.713,0.000,0.000,0.000,0.000,0.000,0.000,0.000,14,14,4*6C
$GPGGA,075332.40,3135.5333400,N,12046.8825136,E,4,14,2.2,2.7100,M,8.328,M,01,0004*6C
$GPHPD,0,0.000,58.49,0.79,-12.92,31.5922223,120.7813752,2.710,13631247.161,24927756.951,2.710,0.000,0.000,0.000,0.000,0.000,0.000,0.000,14,15,4*66
$GPGGA,075332.60,3135.5334278,N,12046.8826849,E,4,14,2.2,2.7270,M,8.328,M,00,0004*67
$GPHPD,0,0.000,58.70,0.92,-12.92,31.5922238,120.7813781,2.727,13631246.258,24927758.505,2.727,0.000,0.000,0.000,0.000,0.000,0.000,0.000,14,14,4*67
$GPGGA,075332.80,3135.5335107,N,12046.8828533,E,4,14,2.2,2.7312,M,8.328,M,00,0004*68
$GPHPD,0,0.000,58.48,0.09,-12.93,31.5922252,120.7813809,2.731,13631245.418,24927760.053,2.731,0.000,0.000,0.000,0.000,0.000,0.000,0.000,14,14,4*60
$GPGGA,075333.00,3135.5335974,N,12046.8830211,E,4,14,2.2,2.7132,M,8.329,M,01,0004*63
$GPHPD,0,0.000,58.64,0.72,-12.94,31.5922266,120.7813837,2.713,13631244.523,24927761.572,2.713,0.000,0.000,0.000,0.000,0.000,0.000,0.000,14,14,4*60
$GPGGA,075333.20,3135.5336843,N,12046.8831902,E,4,15,2.2,2.6994,M,8.329,M,01,0004*6B
$GPHPD,0,0.000,58.78,1.16,-12.96,31.5922281,120.7813865,2.699,13631243.628,24927763.105,2.699,0.000,0.000,0.000,0.000,0.000,0.000,0.000,15,14,4*6A
$GPGGA,075333.40,3135.5337670,N,12046.8833582,E,4,15,2.2,2.7273,M,8.329,M,01,0004*67
$GPHPD,0,0.000,58.96,1.40,-12.99,31.5922295,120.7813893,2.727,13631242.791,24927764.650,2.727,0.000,0.000,0.000,0.000,0.000,0.000,0.000,15,14,4*68
$GPGGA,075333.60,3135.5338500,N,12046.8835233,E,4,15,2.2,2.7395,M,8.329,M,01,0004*6C
$GPHPD,0,0.000,58.77,0.75,-13.02,31.5922308,120.7813921,2.740,13631241.943,24927766.157,2.740,0.000,0.000,0.000,0.000,0.000,0.000,0.000,15,14,4*6E
$GPGGA,075333.80,3135.5339330,N,12046.8836941,E,4,16,2.2,2.7480,M,8.329,M,01,0004*6B
$GPHPD,0,0.000,58.93,0.26,-13.01,31.5922322,120.7813949,2.748,13631241.107,24927767.734,2.748,0.000,0.000,0.000,0.000,0.000,0.000,0.000,16,15,4*6F
$GPGGA,075334.00,3135.5340154,N,12046.8838571,E,4,16,2.2,2.7497,M,8.329,M,02,0004*6E
$GPHPD,0,0.000,58.47,-0.30,-13.00,31.5922336,120.7813976,2.750,13631240.264,24927769.220,2.750,0.000,0.000,0.000,0.000,0.000,0.000,0.000,16,15,4*4D
$GPGGA,075334.20,3135.5341019,N,12046.8840251,E,4,16,2.2,2.7501,M,8.329,M,02,0004*61
$GPHPD,0,0.000,58.63,0.06,-13.01,31.5922350,120.7814004,2.750,13631239.372,24927770.742,2.750,0.000,0.000,0.000,0.000,0.000,0.000,0.000,16,15,4*68
$GPGGA,075334.40,3135.5341863,N,12046.8841928,E,4,16,2.2,2.7505,M,8.329,M,02,0004*62
$GPHPD,0,0.000,58.63,-0.57,-13.03,31.5922364,120.7814032,2.751,13631238.510,24927772.273,2.751,0.000,0.000,0.000,0.000,0.000,0.000,0.000,16,15,4*47
$GPGGA,075334.60,3135.5342702,N,12046.8843582,E,4,16,1.7,2.7559,M,8.329,M,02,0004*6A
$GPHPD,0,0.000,58.74,-0.51,-13.02,31.5922378,120.7814060,2.756,13631237.650,24927773.779,2.756,0.000,0.000,0.000,0.000,0.000,0.000,0.000,16,15,4*4A
$GPGGA,075334.80,3135.5343567,N,12046.8845298,E,4,16,1.7,2.7450,M,8.329,M,00,0004*64
$GPHPD,0,0.000,58.70,-0.75,-13.01,31.5922393,120.7814088,2.745,13631236.765,24927775.345,2.745,0.000,0.000,0.000,0.000,0.000,0.000,0.000,16,15,4*43
$GPGGA,075335.00,3135.5344428,N,12046.8846958,E,4,16,1.7,2.7577,M,8.329,M,01,0004*61
$GPHPD,0,0.000,59.20,0.89,-12.97,31.5922407,120.7814116,2.758,13631235.876,24927776.845,2.758,0.000,0.000,0.000,0.000,0.000,0.000,0.000,16,15,4*6D
$GPGGA,075335.20,3135.5345292,N,12046.8848643,E,4,16,1.7,2.7417,M,8.329,M,01,0004*69
$GPHPD,0,0.000,58.81,-1.43,-12.95,31.5922422,120.7814144,2.742,13631234.986,24927778.374,2.742,0.000,0.000,0.000,0.000,0.000,0.000,0.000,16,15,4*47
$GPGGA,075335.40,3135.5346110,N,12046.8850325,E,4,16,1.7,2.7318,M,8.329,M,01,0004*61
$GPHPD,0,0.000,59.03,0.05,-12.96,31.5922435,120.7814172,2.732,13631234.162,24927779.926,2.732,0.000,0.000,0.000,0.000,0.000,0.000,0.000,16,15,4*6C
$GPGGA,075335.60,3135.5346912,N,12046.8852002,E,4,16,1.7,2.7352,M,8.329,M,00,0004*62
$GPHPD,0,0.000,59.13,0.52,-12.97,31.5922449,120.7814200,2.735,13631233.359,24927781.482,2.735,0.000,0.000,0.000,0.000,0.000,0.000,0.000,16,15,4*6A
$GPGGA,075335.80,3135.5347705,N,12046.8853715,E,4,16,1.7,2.7563,M,8.329,M,00,0004*61
$GPHPD,0,0.000,59.34,0.92,-12.99,31.5922462,120.7814229,2.756,13631232.577,24927783.086,2.756,0.000,0.000,0.000,0.000,0.000,0.000,0.000,16,15,4*66
$GPGGA,075336.00,3135.5348591,N,12046.8855373,E,4,16,1.7,2.7328,M,8.329,M,01,0004*60
$GPHPD,0,0.000,58.72,-0.88,-13.00,31.5922477,120.7814256,2.733,13631231.651,24927784.569,2.733,0.000,0.000,0.000,0.000,0.000,0.000,0.000,16,15,4*49
$GPGGA,075336.20,3135.5349441,N,12046.8857087,E,4,16,1.7,2.7366,M,8.329,M,01,0004*6F
$GPHPD,0,0.000,59.46,0.80,-12.99,31.5922491,120.7814285,2.737,13631230.788,24927786.141,2.737,0.000,0.000,0.000,0.000,0.000,0.000,0.000,16,15,4*65
$GPGGA,075336.40,3135.5350256,N,12046.8858759,E,4,15,1.7,2.7410,M,8.329,M,01,0004*6F
$GPHPD,0,0.000,59.01,-0.35,-12.99,31.5922504,120.7814313,2.741,13631229.965,24927787.683,2.741,0.000,0.000,0.000,0.000,0.000,0.000,0.000,15,15,4*48
$GPGGA,075336.60,3135.5351117,N,12046.8860444,E,4,16,1.7,2.7432,M,8.329,M,00,0004*6C
$GPHPD,0,0.000,59.19,0.26,-13.02,31.5922519,120.7814341,2.743,13631229.081,24927789.214,2.743,0.000,0.000,0.000,0.000,0.000,0.000,0.000,16,15,4*62
$GPGGA,075336.80,3135.5351943,N,12046.8862129,E,4,16,1.7,2.7515,M,8.329,M,00,0004*63
$GPHPD,0,0.000,59.37,0.28,-13.07,31.5922532,120.7814369,2.752,13631228.245,24927790.765,2.752,0.000,0.000,0.000,0.000,0.000,0.000,0.000,16,15,4*66
$GPGGA,075337.00,3135.5352786,N,12046.8863839,E,4,15,2.0,2.7594,M,8.329,M,01,0004*68
$GPHPD,0,0.000,59.20,-0.63,-13.08,31.5922546,120.7814397,2.759,13631227.391,24927792.336,2.759,0.000,0.000,0.000,0.000,0.000,0.000,0.000,15,15,4*4B
$GPGGA,075337.20,3135.5353647,N,12046.8865564,E,4,16,2.0,2.7323,M,8.329,M,01,0004*6D
$GPHPD,0,0.000,59.24,0.07,-13.07,31.5922561,120.7814426,2.732,13631226.514,24927793.915,2.732,0.000,0.000,0.000,0.000,0.000,0.000,0.000,16,15,4*64
$GPGGA,075337.40,3135.5354468,N,12046.8867263,E,4,17,1.8,2.7450,M,8.329,M,01,0004*68
$GPHPD,0,0.000,59.63,1.02,-13.07,31.5922574,120.7814454,2.745,13631225.689,24927795.486,2.745,0.000,0.000,0.000,0.000,0.000,0.000,0.000,17,16,4*65
$GPGGA,075337.60,3135.5355287,N,12046.8868981,E,4,17,1.8,2.7687,M,8.329,M,00,0004*6D
$GPHPD,0,0.000,59.47,0.96,-13.06,31.5922588,120.7814483,2.769,13631224.871,24927797.081,2.769,0.000,0.000,0.000,0.000,0.000,0.000,0.000,17,16,4*6E
$GPGGA,075337.80,3135.5356146,N,12046.8870671,E,4,17,1.8,2.7330,M,8.329,M,00,0004*6E
$GPHPD,0,0.000,59.13,-0.43,-13.07,31.5922602,120.7814511,2.733,13631223.990,24927798.619,2.733,0.000,0.000,0.000,0.000,0.000,0.000,0.000,17,16,4*41
$GPGGA,075338.00,3135.5356970,N,12046.8872357,E,4,17,1.7,2.7601,M,8.329,M,01,0004*6E
$GPHPD,0,0.000,59.55,0.75,-13.09,31.5922616,120.7814539,2.760,13631223.157,24927800.172,2.760,0.000,0.000,0.000,0.000,0.000,0.000,0.000,17,16,4*6D
$GPGGA,075338.20,3135.5357809,N,12046.8874094,E,4,17,1.7,2.7491,M,8.329,M,01,0004*63
$GPHPD,0,0.000,59.36,-0.41,-13.12,31.5922630,120.7814568,2.749,13631222.314,24927801.778,2.749,0.000,0.000,0.000,0.000,0.000,0.000,0.000,17,15,4*42
$GPGGA,075338.40,3135.5358648,N,12046.8875760,E,4,17,1.7,2.7631,M,8.329,M,01,0004*64
$GPHPD,0,0.000,59.58,0.54,-13.13,31.5922644,120.7814596,2.763,13631221.457,24927803.299,2.763,0.000,0.000,0.000,0.000,0.000,0.000,0.000,17,16,4*68
$GPGGA,075338.60,3135.5359485,N,12046.8877436,E,4,17,1.7,2.7580,M,8.329,M,01,0004*6F
$GPHPD,0,0.000,59.50,-0.50,-13.13,31.5922658,120.7814624,2.758,13631220.604,24927804.833,2.758,0.000,0.000,0.000,0.000,0.000,0.000,0.000,17,15,4*45
$GPGGA,075338.80,3135.5360301,N,12046.8879157,E,4,17,1.7,2.7534,M,8.329,M,01,0004*63
$GPHPD,0,0.000,59.53,0.82,-13.17,31.5922672,120.7814653,2.753,13631219.791,24927806.433,2.753,0.000,0.000,0.000,0.000,0.000,0.000,0.000,17,15,4*61
$GPGGA,075339.00,3135.5361168,N,12046.8880835,E,4,17,1.7,2.7417,M,8.329,M,02,0004*6E
$GPHPD,0,0.000,59.30,1.12,-13.15,31.5922686,120.7814681,2.742,13631218.896,24927807.952,2.742,0.000,0.000,0.000,0.000,0.000,0.000,0.000,17,15,4*68
$GPGGA,075339.20,3135.5361965,N,12046.8882533,E,4,16,1.4,2.7676,M,8.329,M,02,0004*67
$GPHPD,0,0.000,58.95,0.59,-13.16,31.5922699,120.7814709,2.768,13631218.104,24927809.535,2.768,0.000,0.000,0.000,0.000,0.000,0.000,0.000,16,15,4*64
$GPGGA,075339.40,3135.5362824,N,12046.8884215,E,4,17,1.4,2.7529,M,8.329,M,02,0004*6B
$GPHPD,0,0.000,58.76,0.20,-13.17,31.5922714,120.7814737,2.753,13631217.222,24927811.064,2.753,0.000,0.000,0.000,0.000,0.000,0.000,0.000,17,15,4*6E
$GPGGA,075339.60,3135.5363690,N,12046.8885902,E,4,17,1.4,2.7735,M,8.329,M,02,0004*6A
$GPHPD,0,0.000,59.23,1.32,-13.15,31.5922728,120.7814765,2.774,13631216.330,24927812.594,2.774,0.000,0.000,0.000,0.000,0.000,0.000,0.000,17,15,4*6D
$GPGGA,075339.80,3135.5364560,N,12046.8887586,E,4,17,1.4,2.7780,M,8.329,M,00,0004*61
$GPHPD,0,0.000,58.89,0.02,-13.13,31.5922743,120.7814793,2.778,13631215.432,24927814.118,2.778,0.000,0.000,0.000,0.000,0.000,0.000,0.000,17,15,4*6C
$GPGGA,075340.00,3135.5365422,N,12046.8889317,E,4,17,1.4,2.7646,M,8.329,M,01,0004*6B
$GPHPD,0,0.000,58.72,-0.31,-13.11,31.5922757,120.7814822,2.765,13631214.555,24927815.704,2.765,0.000,0.000,0.000,0.000,0.000,0.000,0.000,17,15,4*4C
$GPGGA,075340.20,3135.5366246,N,12046.8891017,E,4,17,1.4,2.7585,M,8.329,M,01,0004*68
$GPHPD,0,0.000,58.96,0.56,-13.07,31.5922771,120.7814850,2.759,13631213.726,24927817.274,2.759,0.000,0.000,0.000,0.000,0.000,0.000,0.000,17,15,4*6D
$GPGGA,075340.40,3135.5367087,N,12046.8892712,E,4,17,1.4,2.7700,M,8.329,M,01,0004*6E
$GPHPD,0,0.000,58.91,0.40,-13.08,31.5922785,120.7814879,2.770,13631212.872,24927818.828,2.770,0.000,0.000,0.000,0.000,0.000,0.000,0.000,17,15,4*61
$GPGGA,075340.60,3135.5367949,N,12046.8894353,E,4,17,1.4,2.7709,M,8.329,M,00,0004*68
$GPHPD,0,0.000,58.47,-0.34,-13.05,31.5922799,120.7814906,2.771,13631211.976,24927820.305,2.771,0.000,0.000,0.000,0.000,0.000,0.000,0.000,17,15,4*44
$GPGGA,075340.80,3135.5368822,N,12046.8896063,E,4,17,1.4,2.7637,M,8.329,M,00,0004*6B
$GPHPD,0,0.000,58.79,-0.19,-13.05,31.5922814,120.7814934,2.764,13631211.079,24927821.859,2.764,0.000,0.000,0.000,0.000,0.000,0.000,0.000,17,15,4*48
$GPGGA,075341.00,3135.5369643,N,12046.8897744,E,4,17,1.4,2.7795,M,8.329,M,01,0004*61
$GPHPD,0,0.000,59.18,0.46,-13.03,31.5922827,120.7814962,2.780,13631210.251,24927823.408,2.780,0.000,0.000,0.000,0.000,0.000,0.000,0.000,17,15,4*6F
$GPGGA,075341.20,3135.5370472,N,12046.8899418,E,4,17,1.4,2.7752,M,8.329,M,01,0004*64
$GPHPD,0,0.000,58.70,-1.04,-13.01,31.5922841,120.7814990,2.775,13631209.409,24927824.944,2.775,0.000,0.000,0.000,0.000,0.000,0.000,0.000,17,15,4*44
$GPGGA,075341.40,3135.5371349,N,12046.8901068,E,4,17,1.4,2.7814,M,8.329,M,01,0004*62
$GPHPD,0,0.000,58.80,-0.68,-13.04,31.5922856,120.7815018,2.781,13631208.494,24927826.423,2.781,0.000,0.000,0.000,0.000,0.000,0.000,0.000,17,15,4*40
$GPGGA,075341.60,3135.5372152,N,12046.8902790,E,4,17,1.4,2.7661,M,8.329,M,01,0004*64
$GPHPD,0,0.000,59.19,-0.17,-13.10,31.5922869,120.7815047,2.766,13631207.699,24927828.032,2.766,0.000,0.000,0.000,0.000,0.000,0.000,0.000,17,15,4*40
$GPGGA,075341.80,3135.5373037,N,12046.8904470,E,4,17,1.4,2.7737,M,8.329,M,00,0004*61
$GPHPD,0,0.000,58.66,0.18,-13.13,31.5922884,120.7815075,2.774,13631206.779,24927829.543,2.774,0.000,0.000,0.000,0.000,0.000,0.000,0.000,17,15,4*66
$GPGGA,075342.00,3135.5373881,N,12046.8906155,E,4,17,1.4,2.7584,M,8.329,M,01,0004*64
$GPHPD,0,0.000,58.52,-0.32,-13.15,31.5922898,120.7815103,2.758,13631205.919,24927831.084,2.758,0.000,0.000,0.000,0.000,0.000,0.000,0.000,17,15,4*43
$GPGGA,075342.20,3135.5374711,N,12046.8907814,E,4,17,1.4,2.7528,M,8.329,M,01,0004*6C
$GPHPD,0,0.000,58.73,0.67,-13.05,31.5922912,120.7815130,2.753,13631205.073,24927832.601,2.753,0.000,0.000,0.000,0.000,0.000,0.000,0.000,17,15,4*62
$GPGGA,075342.40,3135.5375487,N,12046.8909394,E,4,17,1.4,2.7678,M,8.329,M,01,0004*6C
$GPHPD,0,0.000,58.56,0.95,-12.88,31.5922925,120.7815157,2.768,13631204.287,24927834.055,2.768,0.000,0.000,0.000,0.000,0.000,0.000,0.000,17,15,4*60
$GPGGA,075342.60,3135.5376211,N,12046.8910802,E,4,17,1.4,2.7637,M,8.329,M,00,0004*62
$GPHPD,0,0.000,58.19,0.39,-12.75,31.5922937,120.7815180,2.764,13631203.542,24927835.331,2.764,0.000,0.000,0.000,0.000,0.000,0.000,0.000,17,15,4*6F
$GPGGA,075342.80,3135.5376905,N,12046.8912133,E,4,17,1.4,2.7647,M,8.329,M,00,0004*6C
$GPHPD,0,0.000,58.30,0.25,-12.64,31.5922948,120.7815202,2.765,13631202.823,24927836.532,2.765,0.000,0.000,0.000,0.000,0.000,0.000,0.000,17,16,4*66
$GPGGA,075343.00,3135.5377534,N,12046.8913317,E,4,17,1.4,2.7710,M,8.329,M,01,0004*6D
$GPHPD,0,0.000,58.14,0.10,-12.55,31.5922959,120.7815222,2.771,13631202.167,24927837.594,2.771,0.000,0.000,0.000,0.000,0.000,0.000,0.000,17,16,4*62
$GPGGA,075343.20,3135.5378076,N,12046.8914419,E,4,17,1.4,2.7924,M,8.329,M,01,0004*64
$GPHPD,0,0.000,58.37,0.59,-12.48,31.5922968,120.7815240,2.792,13631201.618,24927838.607,2.792,0.000,0.000,0.000,0.000,0.000,0.000,0.000,17,16,4*6E
$GPGGA,075343.40,3135.5378591,N,12046.8915392,E,4,18,1.4,2.7722,M,8.329,M,01,0004*6C
$GPHPD,0,0.000,58.10,-0.38,-12.40,31.5922977,120.7815257,2.772,13631201.082,24927839.480,2.772,0.000,0.000,0.000,0.000,0.000,0.000,0.000,18,15,4*44
$GPGGA,075343.60,3135.5379033,N,12046.8916284,E,4,18,1.4,2.7798,M,8.329,M,01,0004*66
$GPHPD,0,0.000,58.16,0.42,-12.33,31.5922984,120.7815271,2.780,13631200.633,24927840.299,2.780,0.000,0.000,0.000,0.000,0.000,0.000,0.000,18,15,4*63
$GPGGA,075343.80,3135.5379439,N,12046.8917075,E,4,18,1.4,2.7778,M,8.329,M,01,0004*65
$GPHPD,0,0.000,58.13,0.51,-12.26,31.5922991,120.7815285,2.778,13631200.215,24927841.016,2.778,0.000,0.000,0.000,0.000,0.000,0.000,0.000,18,15,4*6B
$GPGGA,075344.00,3135.5379803,N,12046.8917763,E,4,18,1.4,2.7842,M,8.329,M,02,0004*6A
$GPHPD,0,0.000,58.18,0.31,-12.19,31.5922997,120.7815296,2.784,13631199.836,24927841.634,2.784,0.000,0.000,0.000,0.000,0.000,0.000,0.000,18,15,4*60
$GPGGA,075344.20,3135.5380114,N,12046.8918369,E,4,18,1.4,2.7875,M,8.329,M,02,0004*64
$GPHPD,0,0.000,58.12,0.09,-12.15,31.5923002,120.7815306,2.788,13631199.516,24927842.184,2.788,0.000,0.000,0.000,0.000,0.000,0.000,0.000,18,15,4*61
$GPGGA,075344.40,3135.5380379,N,12046.8918870,E,4,18,1.4,2.7724,M,8.329,M,02,0004*63
$GPHPD,0,0.000,58.02,0.10,-12.11,31.5923006,120.7815315,2.772,13631199.240,24927842.634,2.772,0.000,0.000,0.000,0.000,0.000,0.000,0.000,18,16,4*61
$GPGGA,075344.60,3135.5380604,N,12046.8919306,E,4,18,1.4,2.7768,M,8.329,M,02,0004*6D
$GPHPD,0,0.000,58.12,0.63,-12.09,31.5923010,120.7815322,2.777,13631199.008,24927843.028,2.777,0.000,0.000,0.000,0.000,0.000,0.000,0.000,18,16,4*6A
$GPGGA,075344.80,3135.5380813,N,12046.8919717,E,4,18,1.4,2.7856,M,8.329,M,00,0004*6F
$GPHPD,0,0.000,57.99,0.80,-12.08,31.5923014,120.7815329,2.786,13631198.793,24927843.402,2.786,0.000,0.000,0.000,0.000,0.000,0.000,0.000,18,16,4*6D
$GPGGA,075345.00,3135.5380987,N,12046.8920042,E,4,18,1.4,2.7855,M,8.329,M,01,0004*65
$GPHPD,0,0.000,58.07,0.32,-12.04,31.5923016,120.7815334,2.786,13631198.612,24927843.693,2.786,0.000,0.000,0.000,0.000,0.000,0.000,0.000,18,16,4*6C
$GPGGA,075345.20,3135.5381117,N,12046.8920271,E,4,18,1.4,2.7800,M,8.329,M,01,0004*65
$GPHPD,0,0.000,58.03,0.48,-12.02,31.5923019,120.7815338,2.780,13631198.473,24927843.893,2.780,0.000,0.000,0.000,0.000,0.000,0.000,0.000,18,17,4*6A
$GPGGA,075345.40,3135.5381205,N,12046.8920434,E,4,18,1.4,2.7741,M,8.329,M,01,0004*6E
$GPHPD,0,0.000,58.10,0.76,-12.01,31.5923020,120.7815341,2.774,13631198.381,24927844.039,2.774,0.000,0.000,0.000,0.000,0.000,0.000,0.000,18,17,4*67
$GPGGA,075345.60,3135.5381271,N,12046.8920519,E,4,18,1.4,2.7753,M,8.329,M,00,0004*63
$GPHPD,0,0.000,58.12,1.03,-11.98,31.5923021,120.7815342,2.775,13631198.304,24927844.103,2.775,0.000,0.000,0.000,0.000,0.000,0.000,0.000,18,17,4*62
$GPGGA,075345.80,3135.5381295,N,12046.8920570,E,4,18,1.4,2.7660,M,8.329,M,00,0004*69
$GPHPD,0,0.000,58.14,1.05,-11.95,31.5923022,120.7815343,2.766,13631198.280,24927844.150,2.766,0.000,0.000,0.000,0.000,0.000,0.000,0.000,18,17,4*66
$GPGGA,075346.00,3135.5381276,N,12046.8920540,E,4,18,1.2,2.7789,M,8.329,M,01,0004*6D
$GPHPD,0,0.000,58.12,1.22,-11.99,31.5923021,120.7815342,2.779,13631198.301,24927844.125,2.779,0.000,0.000,0.000,0.000,0.000,0.000,0.000,18,17,4*61
$GPGGA,075346.20,3135.5381286,N,12046.8920592,E,4,18,1.2,2.7756,M,8.329,M,01,0004*6D
$GPHPD,0,0.000,58.09,0.90,-12.04,31.5923021,120.7815343,2.776,13631198.297,24927844.182,2.776,0.000,0.000,0.000,0.000,0.000,0.000,0.000,18,17,4*66
$GPGGA,075346.40,3135.5381281,N,12046.8920566,E,4,18,1.2,2.7770,M,8.329,M,01,0004*63
$GPHPD,0,0.000,57.99,1.16,-12.09,31.5923021,120.7815343,2.777,13631198.299,24927844.154,2.777,0.000,0.000,0.000,0.000,0.000,0.000,0.000,18,17,4*67
$GPGGA,075346.60,3135.5381279,N,12046.8920571,E,4,18,1.2,2.7762,M,8.329,M,00,0004*62
$GPHPD,0,0.000,58.01,0.92,-12.13,31.5923021,120.7815343,2.776,13631198.303,24927844.161,2.776,0.000,0.000,0.000,0.000,0.000,0.000,0.000,18,17,4*6B
$GPGGA,075346.80,3135.5381278,N,12046.8920583,E,4,18,1.2,2.7814,M,8.329,M,00,0004*6E
$GPHPD,0,0.000,57.96,1.03,-12.16,31.5923021,120.7815343,2.781,13631198.307,24927844.176,2.781,0.000,0.000,0.000,0.000,0.000,0.000,0.000,18,17,4*64
$GPGGA,075347.00,3135.5381289,N,12046.8920579,E,4,18,1.2,2.7788,M,8.329,M,01,0004*67
$GPHPD,0,0.000,58.03,0.75,-12.19,31.5923021,120.7815343,2.779,13631198.290,24927844.165,2.779,0.000,0.000,0.000,0.000,0.000,0.000,0.000,18,17,4*65
$GPGGA,075347.20,3135.5381278,N,12046.8920559,E,4,18,1.2,2.7763,M,8.329,M,01,0004*6C
$GPHPD,0,0.000,58.05,0.84,-12.23,31.5923021,120.7815343,2.776,13631198.302,24927844.147,2.776,0.000,0.000,0.000,0.000,0.000,0.000,0.000,18,17,4*6E
$GPGGA,075347.40,3135.5381283,N,12046.8920570,E,4,18,1.2,2.7769,M,8.329,M,01,0004*6F
$GPHPD,0,0.000,57.92,1.09,-12.26,31.5923021,120.7815343,2.777,13631198.297,24927844.157,2.777,0.000,0.000,0.000,0.000,0.000,0.000,0.000,18,17,4*62
$GPGGA,075347.60,3135.5381278,N,12046.8920581,E,4,18,1.2,2.7793,M,8.329,M,00,0004*63
$GPHPD,0,0.000,58.21,1.09,-12.30,31.5923021,120.7815343,2.779,13631198.306,24927844.173,2.779,0.000,0.000,0.000,0.000,0.000,0.000,0.000,18,17,4*6D
$GPGGA,075347.80,3135.5381288,N,12046.8920593,E,4,18,1.2,2.7787,M,8.329,M,00,0004*64
$GPHPD,0,0.000,57.94,0.84,-12.33,31.5923021,120.7815343,2.779,13631198.295,24927844.182,2.779,0.000,0.000,0.000,0.000,0.000,0.000,0.000,18,17,4*6E
$GPGGA,075348.00,3135.5381286,N,12046.8920575,E,4,18,1.2,2.7774,M,8.329,M,01,0004*68
$GPHPD,0,0.000,58.05,1.04,-12.37,31.5923021,120.7815343,2.777,13631198.294,24927844.162,2.777,0.000,0.000,0.000,0.000,0.000,0.000,0.000,18,17,4*6B
$GPGGA,075348.20,3135.5381284,N,12046.8920556,E,4,18,1.2,2.7823,M,8.329,M,01,0004*64
$GPHPD,0,0.000,58.08,1.01,-12.39,31.5923021,120.7815343,2.782,13631198.293,24927844.140,2.782,0.000,0.000,0.000,0.000,0.000,0.000,0.000,18,17,4*6A
$GPGGA,075348.40,3135.5381287,N,12046.8920564,E,4,18,1.2,2.7782,M,8.329,M,01,0004*64
$GPHPD,0,0.000,58.05,0.73,-12.43,31.5923021,120.7815343,2.778,13631198.290,24927844.148,2.778,0.000,0.000,0.000,0.000,0.000,0.000,0.000,18,17,4*65
$GPGGA,075348.60,3135.5381297,N,12046.8920552,E,4,18,1.2,2.7751,M,8.329,M,00,0004*6D
$GPHPD,0,0.000,58.11,1.12,-12.47,31.5923022,120.7815343,2.775,13631198.273,24927844.127,2.775,0.000,0.000,0.000,0.000,0.000,0.000,0.000,18,17,4*65
$GPGGA,075348.80,3135.5381279,N,12046.8920572,E,4,18,1.2,2.7759,M,8.329,M,00,0004*69
$GPHPD,0,0.000,58.19,1.12,-12.49,31.5923021,120.7815343,2.776,13631198.303,24927844.162,2.776,0.000,0.000,0.000,0.000,0.000,0.000,0.000,18,17,4*67
$GPGGA,075349.00,3135.5381285,N,12046.8920584,E,4,18,1.2,2.7774,M,8.329,M,01,0004*64
$GPHPD,0,0.000,57.99,1.14,-12.53,31.5923021,120.7815343,2.777,13631198.297,24927844.173,2.777,0.000,0.000,0.000,0.000,0.000,0.000,0.000,18,17,4*61
$GPGGA,075349.20,3135.5381286,N,12046.8920587,E,4,18,1.2,2.7768,M,8.329,M,01,0004*6B
$GPHPD,0,0.000,58.11,1.04,-12.55,31.5923021,120.7815343,2.777,13631198.296,24927844.176,2.777,0.000,0.000,0.000,0.000,0.000,0.000,0.000,18,17,4*6D
$GPGGA,075349.40,3135.5381292,N,12046.8920597,E,4,18,1.2,2.7814,M,8.329,M,01,0004*6D
$GPHPD,0,0.000,58.03,1.03,-12.56,31.5923022,120.7815343,2.781,13631198.290,24927844.185,2.781,0.000,0.000,0.000,0.000,0.000,0.000,0.000,18,18,4*6C
$GPGGA,075349.60,3135.5381265,N,12046.8920581,E,4,18,1.2,2.7799,M,8.329,M,00,0004*6B
$GPHPD,0,0.000,58.02,0.88,-12.58,31.5923021,120.7815343,2.780,13631198.325,24927844.181,2.780,0.000,0.000,0.000,0.000,0.000,0.000,0.000,18,18,4*69
$GPGGA,075349.80,3135.5381285,N,12046.8920566,E,4,18,1.2,2.7820,M,8.329,M,00,0004*6F
$GPHPD,0,0.000,57.91,0.85,-12.59,31.5923021,120.7815343,2.782,13631198.293,24927844.151,2.782,0.000,0.000,0.000,0.000,0.000,0.000,0.000,18,18,4*61
$GPGGA,075350.00,3135.5381273,N,12046.8920576,E,4,18,1.2,2.7805,M,8.329,M,01,0004*61
$GPHPD,0,0.000,58.04,0.67,-12.62,31.5923021,120.7815343,2.781,13631198.312,24927844.170,2.781,0.000,0.000,0.000,0.000,0.000,0.000,0.000,18,18,4*6D
$GPGGA,075350.20,3135.5381279,N,12046.8920580,E,4,18,1.2,2.7815,M,8.329,M,01,0004*61
$GPHPD,0,0.000,58.00,0.90,-12.63,31.5923021,120.7815343,2.782,13631198.305,24927844.172,2.782,0.000,0.000,0.000,0.000,0.000,0.000,0.000,18,18,4*64
$GPGGA,075350.40,3135.5381288,N,12046.8920565,E,4,18,1.2,2.7853,M,8.329,M,01,0004*60
$GPHPD,0,0.000,57.93,0.67,-12.65,31.5923021,120.7815343,2.785,13631198.289,24927844.148,2.785,0.000,0.000,0.000,0.000,0.000,0.000,0.000,18,18,4*63
$GPGGA,075350.60,3135.5381269,N,12046.8920580,E,4,18,1.2,2.7801,M,8.329,M,00,0004*60
$GPHPD,0,0.000,58.08,0.59,-12.67,31.5923021,120.7815343,2.780,13631198.319,24927844.177,2.780,0.000,0.000,0.000,0.000,0.000,0.000,0.000,18,18,4*65
$GPGGA,075350.80,3135.5381288,N,12046.8920595,E,4,18,1.2,2.7822,M,8.329,M,00,0004*64
$GPHPD,0,0.000,58.06,0.97,-12.69,31.5923021,120.7815343,2.782,13631198.295,24927844.185,2.782,0.000,0.000,0.000,0.000,0.000,0.000,0.000,18,18,4*6F
$GPGGA,075351.00,3135.5381281,N,12046.8920609,E,4,18,1.2,2.7805,M,8.329,M,01,0004*66
$GPHPD,0,0.000,58.03,0.78,-12.71,31.5923021,120.7815343,2.781,13631198.308,24927844.205,2.781,0.000,0.000,0.000,0.000,0.000,0.000,0.000,18,18,4*6C
$GPGGA,075351.20,3135.5381288,N,12046.8920594,E,4,18,1.2,2.7736,M,8.329,M,01,0004*65
$GPHPD,0,0.000,58.10,1.06,-12.73,31.5923021,120.7815343,2.774,13631198.295,24927844.183,2.774,0.000,0.000,0.000,0.000,0.000,0.000,0.000,18,18,4*6C
$GPGGA,075351.40,3135.5381296,N,12046.8920588,E,4,18,1.2,2.7795,M,8.329,M,01,0004*68
$GPHPD,0,0.000,58.19,1.20,-12.76,31.5923022,120.7815343,2.780,13631198.282,24927844.171,2.780,0.000,0.000,0.000,0.000,0.000,0.000,0.000,18,18,4*6C
$GPGGA,075351.60,3135.5381289,N,12046.8920551,E,4,18,1.2,2.7785,M,8.329,M,00,0004*60
$GPHPD,0,0.000,58.33,1.01,-12.78,31.5923021,120.7815343,2.779,13631198.285,24927844.131,2.779,0.000,0.000,0.000,0.000,0.000,0.000,0.000,18,18,4*69
$GPGGA,075351.80,3135.5381282,N,12046.8920553,E,4,18,1.2,2.7839,M,8.329,M,00,0004*6F
$GPHPD,0,0.000,58.33,0.95,-12.80,31.5923021,120.7815343,2.784,13631198.295,24927844.137,2.784,0.000,0.000,0.000,0.000,0.000,0.000,0.000,18,18,4*65
$GPGGA,075352.00,3135.5381277,N,12046.8920564,E,4,18,1.2,2.7818,M,8.329,M,01,0004*68
$GPHPD,0,0.000,58.24,0.79,-12.81,31.5923021,120.7815343,2.782,13631198.304,24927844.154,2.782,0.000,0.000,0.000,0.000,0.000,0.000,0.000,18,18,4*6C
$GPGGA,075352.20,3135.5381281,N,12046.8920577,E,4,18,1.2,2.7777,M,8.329,M,01,0004*67
$GPHPD,0,0.000,58.25,0.94,-12.83,31.5923021,120.7815343,2.778,13631198.301,24927844.167,2.778,0.000,0.000,0.000,0.000,0.000,0.000,0.000,18,18,4*69
$GPGGA,075352.40,3135.5381275,N,12046.8920573,E,4,18,1.2,2.7797,M,8.329,M,01,0004*60
$GPHPD,0,0.000,58.19,1.16,-12.85,31.5923021,120.7815343,2.780,13631198.309,24927844.166,2.780,0.000,0.000,0.000,0.000,0.000,0.000,0.000,18,18,4*62
$GPGGA,075352.60,3135.5381278,N,12046.8920566,E,4,18,1.2,2.7799,M,8.329,M,00,0004*64
$GPHPD,0,0.000,58.24,1.09,-12.87,31.5923021,120.7815343,2.780,13631198.303,24927844.155,2.780,0.000,0.000,0.000,0.000,0.000,0.000,0.000,18,18,4*6A
$GPGGA,075352.80,3135.5381281,N,12046.8920544,E,4,18,1.2,2.7788,M,8.329,M,00,0004*6C
$GPHPD,0,0.000,58.19,0.87,-12.88,31.5923021,120.7815342,2.779,13631198.295,24927844.127,2.779,0.000,0.000,0.000,0.000,0.000,0.000,0.000,18,18,4*66
$GPGGA,075353.00,3135.5381276,N,12046.8920567,E,4,18,1.2,2.7788,M,8.329,M,01,0004*6D
$GPHPD,0,0.000,58.03,0.85,-12.90,31.5923021,120.7815343,2.779,13631198.306,24927844.158,2.779,0.000,0.000,0.000,0.000,0.000,0.000,0.000,18,18,4*64
$GPGGA,075353.20,3135.5381275,N,12046.8920551,E,4,18,1.2,2.7834,M,8.329,M,01,0004*61
$GPHPD,0,0.000,58.01,0.91,-12.90,31.5923021,120.7815343,2.783,13631198.305,24927844.139,2.783,0.000,0.000,0.000,0.000,0.000,0.000,0.000,18,18,4*67
$GPGGA,075353.40,3135.5381272,N,12046.8920569,E,4,18,1.2,2.7807,M,8.329,M,01,0004*6B
$GPHPD,0,0.000,58.10,0.96,-12.91,31.5923021,120.7815343,2.781,13631198.312,24927844.162,2.781,0.000,0.000,0.000,0.000,0.000,0.000,0.000,18,18,4*69
$GPGGA,075353.60,3135.5381277,N,12046.8920573,E,4,18,1.2,2.7808,M,8.329,M,00,0004*69
$GPHPD,0,0.000,57.86,0.89,-12.92,31.5923021,120.7815343,2.781,13631198.306,24927844.164,2.781,0.000,0.000,0.000,0.000,0.000,0.000,0.000,18,18,4*67
$GPGGA,075353.80,3135.5381293,N,12046.8920604,E,4,18,1.2,2.7798,M,8.329,M,00,0004*68
$GPHPD,0,0.000,58.03,0.97,-12.94,31.5923022,120.7815343,2.780,13631198.290,24927844.192,2.780,0.000,0.000,0.000,0.000,0.000,0.000,0.000,18,18,4*68
$GPGGA,075354.00,3135.5381282,N,12046.8920578,E,4,18,1.2,2.7801,M,8.329,M,01,0004*61
$GPHPD,0,0.000,57.92,0.76,-12.95,31.5923021,120.7815343,2.780,13631198.300,24927844.168,2.780,0.000,0.000,0.000,0.000,0.000,0.000,0.000,18,18,4*6F
$GPGGA,075354.20,3135.5381281,N,12046.8920568,E,4,18,1.2,2.7792,M,8.329,M,01,0004*64
$GPHPD,0,0.000,58.01,0.82,-12.96,31.5923021,120.7815343,2.779,13631198.299,24927844.156,2.779,0.000,0.000,0.000,0.000,0.000,0.000,0.000,18,18,4*6E
$GPGGA,075354.40,3135.5381284,N,12046.8920569,E,4,18,1.2,2.7782,M,8.329,M,01,0004*67
$GPHPD,0,0.000,58.07,0.84,-12.97,31.5923021,120.7815343,2.778,13631198.295,24927844.155,2.778,0.000,0.000,0.000,0.000,0.000,0.000,0.000,18,18,4*60
$GPGGA,075354.60,3135.5381303,N,12046.8920593,E,4,18,1.2,2.7768,M,8.329,M,00,0004*6B
$GPHPD,0,0.000,58.01,0.90,-12.98,31.5923022,120.7815343,2.777,13631198.273,24927844.173,2.777,0.000,0.000,0.000,0.000,0.000,0.000,0.000,18,18,4*63
$GPGGA,075354.80,3135.5381277,N,12046.8920563,E,4,18,1.2,2.7838,M,8.329,M,00,0004*62
$GPHPD,0,0.000,58.17,1.07,-12.98,31.5923021,120.7815343,2.784,13631198.304,24927844.152,2.784,0.000,0.000,0.000,0.000,0.000,0.000,0.000,18,18,4*6A
