$GPGGA,080704.40,3135.5772567,N,12046.8546991,E,4,16,2.0,2.5901,M,8.326,M,01,0004*6E
$GPHPD,0,0.000,309.41,-0.37,-13.36,31.5929543,120.7809117,2.590,13630566.920,24927165.749,2.590,0.000,0.000,0.000,0.000,0.000,0.000,0.000,16,17,4*7E
$GPGGA,080704.60,3135.5775604,N,12046.8542787,E,4,16,2.0,2.5863,M,8.326,M,00,0004*64
$GPHPD,0,0.000,309.33,0.02,-13.22,31.5929593,120.7809046,2.586,13630561.757,24927158.911,2.586,0.000,0.000,0.000,0.000,0.000,0.000,0.000,16,17,4*59
$GPGGA,080704.80,3135.5778575,N,12046.8538735,E,4,17,2.0,2.5949,M,8.326,M,00,0004*6E
$GPHPD,0,0.000,309.42,0.61,-13.04,31.5929643,120.7808979,2.595,13630556.718,24927152.294,2.595,0.000,0.000,0.000,0.000,0.000,0.000,0.000,17,17,4*56
$GPGGA,080705.00,3135.5781433,N,12046.8534774,E,4,17,2.0,2.6002,M,8.326,M,01,0004*6F
$GPHPD,0,0.000,309.68,-0.90,-12.89,31.5929691,120.7808913,2.600,13630551.859,24927145.853,2.600,0.000,0.000,0.000,0.000,0.000,0.000,0.000,17,17,4*70
$GPGGA,080705.20,3135.5784274,N,12046.8530966,E,4,17,2.0,2.5797,M,8.326,M,01,0004*6C
$GPHPD,0,0.000,309.94,-0.78,-12.84,31.5929738,120.7808849,2.580,13630547.054,24927139.606,2.580,0.000,0.000,0.000,0.000,0.000,0.000,0.000,17,17,4*73
$GPGGA,080705.40,3135.5787054,N,12046.8527207,E,4,17,2.0,2.5810,M,8.326,M,01,0004*63
$GPHPD,0,0.000,309.76,0.11,-12.84,31.5929784,120.7808787,2.581,13630542.346,24927133.454,2.581,0.000,0.000,0.000,0.000,0.000,0.000,0.000,17,17,4*5D
$GPGGA,080705.60,3135.5789831,N,12046.8523416,E,4,17,2.0,2.5782,M,8.326,M,00,0004*63
$GPHPD,0,0.000,309.99,-0.04,-12.87,31.5929831,120.7808724,2.578,13630537.636,24927127.264,2.578,0.000,0.000,0.000,0.000,0.000,0.000,0.000,17,17,4*7E
$GPGGA,080705.80,3135.5792627,N,12046.8519632,E,4,17,2.0,2.5754,M,8.326,M,00,0004*68
$GPHPD,0,0.000,310.15,-0.04,-12.81,31.5929877,120.7808661,2.575,13630532.900,24927121.073,2.575,0.000,0.000,0.000,0.000,0.000,0.000,0.000,17,17,4*7B
$GPGGA,080706.00,3135.5795408,N,12046.8515897,E,4,17,2.0,2.5694,M,8.326,M,01,0004*6A
$GPHPD,0,0.000,309.98,-0.08,-12.80,31.5929923,120.7808598,2.569,13630528.196,24927114.949,2.569,0.000,0.000,0.000,0.000,0.000,0.000,0.000,17,17,4*74
$GPGGA,080706.20,3135.5798166,N,12046.8512153,E,4,17,2.0,2.5645,M,8.326,M,01,0004*62
$GPHPD,0,0.000,309.65,0.34,-12.82,31.5929969,120.7808536,2.565,13630523.522,24927108.828,2.565,0.000,0.000,0.000,0.000,0.000,0.000,0.000,17,17,4*57
$GPGGA,080706.40,3135.5800920,N,12046.8508381,E,4,17,2.0,2.5794,M,8.326,M,01,0004*6B
$GPHPD,0,0.000,309.62,0.82,-12.79,31.5930015,120.7808473,2.579,13630518.849,24927102.675,2.579,0.000,0.000,0.000,0.000,0.000,0.000,0.000,17,17,4*57
$GPGGA,080706.60,3135.5803614,N,12046.8504684,E,4,17,2.0,2.5908,M,8.326,M,00,0004*64
$GPHPD,0,0.000,309.71,0.25,-12.69,31.5930060,120.7808411,2.591,13630514.275,24927096.647,2.591,0.000,0.000,0.000,0.000,0.000,0.000,0.000,17,17,4*5B
$GPGGA,080706.80,3135.5806302,N,12046.8501068,E,4,17,1.5,2.5657,M,8.326,M,00,0004*6F
$GPHPD,0,0.000,309.74,-0.17,-12.55,31.5930105,120.7808351,2.566,13630509.727,24927090.721,2.566,0.000,0.000,0.000,0.000,0.000,0.000,0.000,17,17,4*75
$GPGGA,080707.00,3135.5808919,N,12046.8497509,E,4,17,1.5,2.5836,M,8.326,M,01,0004*6C
$GPHPD,0,0.000,309.73,0.26,-12.44,31.5930149,120.7808292,2.584,13630505.291,24927084.905,2.584,0.000,0.000,0.000,0.000,0.000,0.000,0.000,17,17,4*52
$GPGGA,080707.20,3135.5811494,N,12046.8494020,E,4,17,1.5,2.5784,M,8.326,M,01,0004*65
$GPHPD,0,0.000,310.18,-0.41,-12.39,31.5930192,120.7808234,2.578,13630500.929,24927079.198,2.578,0.000,0.000,0.000,0.000,0.000,0.000,0.000,17,17,4*78
$GPGGA,080707.40,3135.5814021,N,12046.8490630,E,4,17,1.5,2.5812,M,8.326,M,01,0004*6F
$GPHPD,0,0.000,310.25,-0.14,-12.30,31.5930234,120.7808177,2.581,13630496.655,24927073.638,2.581,0.000,0.000,0.000,0.000,0.000,0.000,0.000,17,18,4*76
$GPGGA,080707.60,3135.5816530,N,12046.8487302,E,4,17,1.5,2.5752,M,8.326,M,00,0004*62
$GPHPD,0,0.000,310.10,0.16,-12.27,31.5930276,120.7808122,2.575,13630492.419,24927068.163,2.575,0.000,0.000,0.000,0.000,0.000,0.000,0.000,17,18,4*52
$GPGGA,080707.80,3135.5818978,N,12046.8484010,E,4,17,1.5,2.5744,M,8.326,M,00,0004*66
$GPHPD,0,0.000,309.87,0.05,-12.25,31.5930316,120.7808067,2.574,13630488.277,24927062.768,2.574,0.000,0.000,0.000,0.000,0.000,0.000,0.000,17,18,4*51
$GPGGA,080708.00,3135.5821369,N,12046.8480737,E,4,17,1.5,2.5798,M,8.326,M,01,0004*67
$GPHPD,0,0.000,309.81,-0.09,-12.24,31.5930356,120.7808012,2.580,13630484.219,24927057.428,2.580,0.000,0.000,0.000,0.000,0.000,0.000,0.000,17,18,4*74
$GPGGA,080708.20,3135.5823775,N,12046.8477508,E,4,17,1.5,2.5718,M,8.326,M,01,0004*60
$GPHPD,0,0.000,310.13,-0.28,-12.21,31.5930396,120.7807958,2.572,13630480.150,24927052.133,2.572,0.000,0.000,0.000,0.000,0.000,0.000,0.000,17,18,4*75
$GPGGA,080708.40,3135.5826125,N,12046.8474309,E,4,17,1.5,2.5762,M,8.326,M,01,0004*69
$GPHPD,0,0.000,310.08,-0.63,-12.25,31.5930435,120.7807905,2.576,13630476.166,24927046.906,2.576,0.000,0.000,0.000,0.000,0.000,0.000,0.000,17,18,4*75
$GPGGA,080708.60,3135.5828515,N,12046.8471170,E,4,17,1.6,2.5583,M,8.326,M,00,0004*64
$GPHPD,0,0.000,310.48,-0.30,-12.25,31.5930475,120.7807853,2.558,13630472.137,24927041.729,2.558,0.000,0.000,0.000,0.000,0.000,0.000,0.000,17,18,4*75
$GPGGA,080708.80,3135.5830881,N,12046.8468008,E,4,17,1.5,2.5611,M,8.326,M,00,0004*6E
$GPHPD,0,0.000,310.25,0.46,-12.26,31.5930515,120.7807800,2.561,13630468.137,24927036.538,2.561,0.000,0.000,0.000,0.000,0.000,0.000,0.000,17,18,4*59
$GPGGA,080709.00,3135.5833220,N,12046.8464891,E,4,17,1.5,2.5576,M,8.326,M,01,0004*62
$GPHPD,0,0.000,310.33,0.19,-12.28,31.5930554,120.7807748,2.558,13630464.185,24927031.417,2.558,0.000,0.000,0.000,0.000,0.000,0.000,0.000,17,18,4*52
$GPGGA,080709.20,3135.5835567,N,12046.8461789,E,4,17,1.5,2.5693,M,8.326,M,01,0004*69
$GPHPD,0,0.000,310.01,0.32,-12.28,31.5930593,120.7807696,2.569,13630460.225,24927026.309,2.569,0.000,0.000,0.000,0.000,0.000,0.000,0.000,17,18,4*50
$GPGGA,080709.40,3135.5837855,N,12046.8458700,E,4,17,1.5,2.5772,M,8.326,M,01,0004*64
$GPHPD,0,0.000,310.20,0.34,-12.31,31.5930631,120.7807645,2.577,13630456.351,24927021.251,2.577,0.000,0.000,0.000,0.000,0.000,0.000,0.000,17,17,4*5B
$GPGGA,080709.60,3135.5840173,N,12046.8455618,E,4,17,1.5,2.5711,M,8.326,M,01,0004*6B
$GPHPD,0,0.000,310.56,-0.43,-12.31,31.5930670,120.7807594,2.571,13630452.436,24927016.184,2.571,0.000,0.000,0.000,0.000,0.000,0.000,0.000,17,17,4*70
$GPGGA,080709.80,3135.5842495,N,12046.8452523,E,4,17,2.1,2.5641,M,8.326,M,00,0004*64
$GPHPD,0,0.000,310.76,0.20,-12.34,31.5930708,120.7807542,2.564,13630448.513,24927011.100,2.564,0.000,0.000,0.000,0.000,0.000,0.000,0.000,17,17,4*5C
$GPGGA,080710.00,3135.5844801,N,12046.8449506,E,4,17,2.1,2.5667,M,8.326,M,01,0004*6B
$GPHPD,0,0.000,310.89,-0.42,-12.35,31.5930747,120.7807492,2.567,13630444.628,24927006.118,2.567,0.000,0.000,0.000,0.000,0.000,0.000,0.000,17,17,4*7B
$GPGGA,080710.20,3135.5847146,N,12046.8446545,E,4,17,2.1,2.5624,M,8.326,M,01,0004*6F
$GPHPD,0,0.000,310.89,-0.13,-12.35,31.5930786,120.7807442,2.562,13630440.699,24927001.182,2.562,0.000,0.000,0.000,0.000,0.000,0.000,0.000,17,17,4*75
$GPGGA,080710.40,3135.5849388,N,12046.8443558,E,4,17,2.1,2.5782,M,8.326,M,01,0004*63
$GPHPD,0,0.000,310.64,0.06,-12.35,31.5930823,120.7807393,2.578,13630436.911,24926996.274,2.578,0.000,0.000,0.000,0.000,0.000,0.000,0.000,17,17,4*56
$GPGGA,080710.60,3135.5851649,N,12046.8440592,E,4,17,2.1,2.5676,M,8.326,M,00,0004*6E
$GPHPD,0,0.000,310.95,-0.41,-12.36,31.5930861,120.7807343,2.568,13630433.101,24926991.380,2.568,0.000,0.000,0.000,0.000,0.000,0.000,0.000,17,17,4*7F
$GPGGA,080710.80,3135.5853892,N,12046.8437624,E,4,17,2.1,2.5670,M,8.326,M,00,0004*62
$GPHPD,0,0.000,310.97,0.21,-12.32,31.5930898,120.7807294,2.567,13630429.315,24926986.495,2.567,0.000,0.000,0.000,0.000,0.000,0.000,0.000,17,17,4*56
$GPGGA,080711.00,3135.5856105,N,12046.8434752,E,4,17,2.1,2.5653,M,8.326,M,01,0004*6A
$GPHPD,0,0.000,311.20,0.02,-12.31,31.5930935,120.7807246,2.565,13630425.592,24926981.742,2.565,0.000,0.000,0.000,0.000,0.000,0.000,0.000,17,17,4*5B
$GPGGA,080711.20,3135.5858315,N,12046.8431944,E,4,17,1.5,2.5576,M,8.326,M,01,0004*6A
$GPHPD,0,0.000,311.05,0.51,-12.31,31.5930972,120.7807199,2.558,13630421.885,24926977.069,2.558,0.000,0.000,0.000,0.000,0.000,0.000,0.000,17,17,4*50
$GPGGA,080711.40,3135.5860467,N,12046.8429096,E,4,17,1.5,2.5716,M,8.326,M,01,0004*6E
$GPHPD,0,0.000,310.95,0.82,-12.31,31.5931008,120.7807152,2.572,13630418.253,24926972.381,2.572,0.000,0.000,0.000,0.000,0.000,0.000,0.000,17,17,4*5F
$GPGGA,080711.60,3135.5862597,N,12046.8426265,E,4,17,2.1,2.5679,M,8.325,M,01,0004*6D
$GPHPD,0,0.000,310.95,-0.03,-12.32,31.5931043,120.7807104,2.568,13630414.656,24926967.727,2.568,0.000,0.000,0.000,0.000,0.000,0.000,0.000,17,17,4*75
$GPGGA,080711.80,3135.5864718,N,12046.8423550,E,4,17,2.1,2.5664,M,8.325,M,01,0004*68
$GPHPD,0,0.000,311.28,0.28,-12.32,31.5931079,120.7807059,2.566,13630411.095,24926963.217,2.566,0.000,0.000,0.000,0.000,0.000,0.000,0.000,17,17,4*58
$GPGGA,080712.00,3135.5866829,N,12046.8420799,E,4,17,2.1,2.5666,M,8.325,M,02,0004*69
$GPHPD,0,0.000,310.84,0.47,-12.33,31.5931114,120.7807013,2.567,13630407.541,24926958.670,2.567,0.000,0.000,0.000,0.000,0.000,0.000,0.000,17,17,4*55
$GPGGA,080712.20,3135.5868902,N,12046.8418073,E,4,17,2.1,2.5655,M,8.325,M,02,0004*65
$GPHPD,0,0.000,310.71,0.38,-12.33,31.5931148,120.7806968,2.566,13630404.046,24926954.175,2.566,0.000,0.000,0.000,0.000,0.000,0.000,0.000,17,17,4*55
$GPGGA,080712.40,3135.5870925,N,12046.8415382,E,4,17,2.1,2.5692,M,8.325,M,02,0004*64
$GPHPD,0,0.000,310.79,0.50,-12.33,31.5931182,120.7806923,2.569,13630400.629,24926949.752,2.569,0.000,0.000,0.000,0.000,0.000,0.000,0.000,17,17,4*5E
$GPGGA,080712.60,3135.5872950,N,12046.8412742,E,4,17,2.1,2.5750,M,8.325,M,00,0004*64
$GPHPD,0,0.000,310.63,0.58,-12.31,31.5931216,120.7806879,2.575,13630397.219,24926945.389,2.575,0.000,0.000,0.000,0.000,0.000,0.000,0.000,17,17,4*5F
$GPGGA,080712.80,3135.5874923,N,12046.8410062,E,4,17,2.3,2.5763,M,8.325,M,00,0004*6D
$GPHPD,0,0.000,310.59,0.01,-12.33,31.5931249,120.7806834,2.576,13630393.875,24926941.008,2.576,0.000,0.000,0.000,0.000,0.000,0.000,0.000,17,17,4*51
$GPGGA,080713.00,3135.5876916,N,12046.8407440,E,4,17,2.1,2.5658,M,8.325,M,01,0004*68
$GPHPD,0,0.000,310.48,0.41,-12.34,31.5931282,120.7806791,2.566,13630390.515,24926936.685,2.566,0.000,0.000,0.000,0.000,0.000,0.000,0.000,17,17,4*5E
$GPGGA,080713.20,3135.5878825,N,12046.8404818,E,4,17,2.1,2.5624,M,8.325,M,01,0004*6C
$GPHPD,0,0.000,310.09,0.55,-12.35,31.5931314,120.7806747,2.562,13630387.274,24926932.412,2.562,0.000,0.000,0.000,0.000,0.000,0.000,0.000,17,17,4*54
$GPGGA,080713.40,3135.5880752,N,12046.8402243,E,4,17,2.1,2.5783,M,8.325,M,01,0004*6C
$GPHPD,0,0.000,309.96,0.47,-12.38,31.5931346,120.7806704,2.578,13630384.017,24926928.184,2.578,0.000,0.000,0.000,0.000,0.000,0.000,0.000,17,17,4*51
$GPGGA,080713.60,3135.5882638,N,12046.8399659,E,4,17,2.1,2.5790,M,8.325,M,01,0004*69
$GPHPD,0,0.000,310.30,-0.33,-12.40,31.5931377,120.7806661,2.579,13630380.816,24926923.969,2.579,0.000,0.000,0.000,0.000,0.000,0.000,0.000,17,17,4*79
$GPGGA,080713.80,3135.5884507,N,12046.8397136,E,4,17,1.5,2.5944,M,8.325,M,01,0004*6E
$GPHPD,0,0.000,310.11,0.07,-12.43,31.5931408,120.7806619,2.594,13630377.652,24926919.838,2.594,0.000,0.000,0.000,0.000,0.000,0.000,0.000,17,17,4*59
$GPGGA,080714.00,3135.5886423,N,12046.8394632,E,4,17,1.5,2.5874,M,8.325,M,02,0004*65
$GPHPD,0,0.000,310.03,0.78,-12.42,31.5931440,120.7806577,2.587,13630374.424,24926915.703,2.587,0.000,0.000,0.000,0.000,0.000,0.000,0.000,17,17,4*5F
$GPGGA,080714.20,3135.5888256,N,12046.8392097,E,4,17,1.5,2.5893,M,8.325,M,02,0004*6B
$GPHPD,0,0.000,309.64,0.64,-12.41,31.5931471,120.7806535,2.589,13630371.309,24926911.578,2.589,0.000,0.000,0.000,0.000,0.000,0.000,0.000,17,16,4*5A
$GPGGA,080714.40,3135.5890068,N,12046.8389588,E,4,17,1.5,2.6174,M,8.325,M,02,0004*69
$GPHPD,0,0.000,309.74,0.39,-12.44,31.5931501,120.7806493,2.617,13630368.228,24926907.497,2.617,0.000,0.000,0.000,0.000,0.000,0.000,0.000,17,16,4*50
$GPGGA,080714.60,3135.5891892,N,12046.8387118,E,4,17,1.6,2.6040,M,8.325,M,02,0004*61
$GPHPD,0,0.000,309.79,-0.73,-12.44,31.5931532,120.7806452,2.604,13630365.139,24926903.456,2.604,0.000,0.000,0.000,0.000,0.000,0.000,0.000,17,16,4*74
$GPGGA,080714.80,3135.5893718,N,12046.8384630,E,4,17,1.6,2.5911,M,8.325,M,00,0004*62
$GPHPD,0,0.000,309.92,0.07,-12.44,31.5931562,120.7806411,2.591,13630362.043,24926899.392,2.591,0.000,0.000,0.000,0.000,0.000,0.000,0.000,17,16,4*5B
$GPGGA,080715.00,3135.5895485,N,12046.8382197,E,4,17,1.6,2.5876,M,8.325,M,01,0004*67
$GPHPD,0,0.000,309.70,0.69,-12.44,31.5931591,120.7806370,2.588,13630359.041,24926895.429,2.588,0.000,0.000,0.000,0.000,0.000,0.000,0.000,17,16,4*52
$GPGGA,080715.20,3135.5897240,N,12046.8379814,E,4,17,1.6,2.6067,M,8.325,M,01,0004*65
$GPHPD,0,0.000,309.34,2.22,-12.47,31.5931621,120.7806330,2.607,13630356.067,24926891.533,2.607,0.000,0.000,0.000,0.000,0.000,0.000,0.000,17,16,4*55
$GPGGA,080715.40,3135.5898985,N,12046.8377398,E,4,17,1.6,2.6148,M,8.325,M,01,0004*63
$GPHPD,0,0.000,309.51,1.37,-12.48,31.5931650,120.7806290,2.615,13630353.101,24926887.604,2.615,0.000,0.000,0.000,0.000,0.000,0.000,0.000,17,17,4*56
$GPGGA,080715.60,3135.5900678,N,12046.8375027,E,4,17,1.6,2.6375,M,8.325,M,01,0004*65
$GPHPD,0,0.000,309.28,1.16,-12.48,31.5931678,120.7806250,2.638,13630350.217,24926883.758,2.638,0.000,0.000,0.000,0.000,0.000,0.000,0.000,17,17,4*56
$GPGGA,080715.80,3135.5902375,N,12046.8372664,E,4,17,1.6,2.6266,M,8.325,M,00,0004*65
$GPHPD,0,0.000,309.87,-0.08,-12.50,31.5931706,120.7806211,2.627,13630347.330,24926879.920,2.627,0.000,0.000,0.000,0.000,0.000,0.000,0.000,17,17,4*72
$GPGGA,080716.00,3135.5904092,N,12046.8370339,E,4,17,1.6,2.6347,M,8.325,M,01,0004*6E
$GPHPD,0,0.000,309.70,0.16,-12.51,31.5931735,120.7806172,2.635,13630344.421,24926876.116,2.635,0.000,0.000,0.000,0.000,0.000,0.000,0.000,17,17,4*59
$GPGGA,080716.20,3135.5905781,N,12046.8367989,E,4,17,1.6,2.6133,M,8.325,M,01,0004*6E
$GPHPD,0,0.000,309.69,-0.48,-12.52,31.5931763,120.7806133,2.613,13630341.548,24926872.299,2.613,0.000,0.000,0.000,0.000,0.000,0.000,0.000,17,17,4*79
$GPGGA,080716.40,3135.5907440,N,12046.8365737,E,4,17,1.6,2.6145,M,8.325,M,01,0004*6C
$GPHPD,0,0.000,309.28,0.37,-12.51,31.5931791,120.7806096,2.615,13630338.736,24926868.617,2.615,0.000,0.000,0.000,0.000,0.000,0.000,0.000,17,17,4*55
$GPGGA,080716.60,3135.5909068,N,12046.8363503,E,4,17,1.6,2.6234,M,8.325,M,01,0004*68
$GPHPD,0,0.000,309.31,0.27,-12.51,31.5931818,120.7806058,2.623,13630335.973,24926864.975,2.623,0.000,0.000,0.000,0.000,0.000,0.000,0.000,17,17,4*55
$GPGGA,080716.80,3135.5910698,N,12046.8361264,E,4,17,1.6,2.6310,M,8.325,M,01,0004*64
$GPHPD,0,0.000,309.70,0.02,-12.51,31.5931845,120.7806021,2.631,13630333.205,24926861.325,2.631,0.000,0.000,0.000,0.000,0.000,0.000,0.000,17,17,4*57
$GPGGA,080717.00,3135.5912295,N,12046.8359021,E,4,17,1.6,2.6311,M,8.325,M,02,0004*6C
$GPHPD,0,0.000,309.84,0.43,-12.49,31.5931872,120.7805984,2.631,13630330.484,24926857.690,2.631,0.000,0.000,0.000,0.000,0.000,0.000,0.000,17,17,4*53
$GPGGA,080717.20,3135.5913876,N,12046.8356871,E,4,17,1.6,2.6238,M,8.325,M,02,0004*60
$GPHPD,0,0.000,310.03,-0.25,-12.52,31.5931898,120.7805948,2.624,13630327.804,24926854.177,2.624,0.000,0.000,0.000,0.000,0.000,0.000,0.000,17,17,4*78
$GPGGA,080717.40,3135.5915450,N,12046.8354721,E,4,17,1.6,2.6314,M,8.325,M,02,0004*6F
$GPHPD,0,0.000,310.11,0.49,-12.50,31.5931924,120.7805912,2.631,13630325.134,24926850.667,2.631,0.000,0.000,0.000,0.000,0.000,0.000,0.000,17,17,4*5D
$GPGGA,080717.60,3135.5917016,N,12046.8352582,E,4,17,1.6,2.6309,M,8.325,M,02,0004*68
$GPHPD,0,0.000,309.93,0.33,-12.51,31.5931950,120.7805876,2.631,13630322.478,24926847.176,2.631,0.000,0.000,0.000,0.000,0.000,0.000,0.000,17,17,4*58
$GPGGA,080717.80,3135.5918565,N,12046.8350507,E,4,17,1.6,2.6348,M,8.325,M,02,0004*62
$GPHPD,0,0.000,309.84,0.57,-12.46,31.5931976,120.7805842,2.635,13630319.859,24926843.771,2.635,0.000,0.000,0.000,0.000,0.000,0.000,0.000,17,17,4*5B
$GPGGA,080718.00,3135.5920078,N,12046.8348431,E,4,17,1.6,2.6453,M,8.325,M,03,0004*66
$GPHPD,0,0.000,309.60,1.47,-12.46,31.5932001,120.7805807,2.645,13630317.290,24926840.387,2.645,0.000,0.000,0.000,0.000,0.000,0.000,0.000,17,17,4*55
$GPGGA,080718.20,3135.5921594,N,12046.8346394,E,4,17,1.6,2.6431,M,8.325,M,03,0004*60
$GPHPD,0,0.000,309.42,0.69,-12.46,31.5932027,120.7805773,2.643,13630314.726,24926837.047,2.643,0.000,0.000,0.000,0.000,0.000,0.000,0.000,17,17,4*54
$GPGGA,080718.40,3135.5923024,N,12046.8344329,E,4,17,1.6,2.6645,M,8.325,M,03,0004*6F
$GPHPD,0,0.000,309.19,0.69,-12.43,31.5932050,120.7805739,2.665,13630312.278,24926833.724,2.665,0.000,0.000,0.000,0.000,0.000,0.000,0.000,17,17,4*5F
$GPGGA,080718.60,3135.5924469,N,12046.8342388,E,4,17,1.6,2.6727,M,8.325,M,00,0004*6C
$GPHPD,0,0.000,309.40,-0.42,-12.34,31.5932074,120.7805706,2.673,13630309.833,24926830.542,2.673,0.000,0.000,0.000,0.000,0.000,0.000,0.000,17,17,4*73
$GPGGA,080718.80,3135.5925832,N,12046.8340493,E,4,17,1.6,2.6728,M,8.325,M,00,0004*61
$GPHPD,0,0.000,309.58,-0.93,-12.29,31.5932097,120.7805675,2.673,13630307.514,24926827.463,2.673,0.000,0.000,0.000,0.000,0.000,0.000,0.000,17,17,4*70
$GPGGA,080719.00,3135.5927138,N,12046.8338676,E,4,17,1.6,2.6806,M,8.325,M,01,0004*6D
$GPHPD,0,0.000,309.50,-0.14,-12.23,31.5932119,120.7805645,2.681,13630305.292,24926824.511,2.681,0.000,0.000,0.000,0.000,0.000,0.000,0.000,17,17,4*75
$GPGGA,080719.20,3135.5928395,N,12046.8336917,E,4,17,2.1,2.6771,M,8.325,M,01,0004*68
$GPHPD,0,0.000,309.31,0.02,-12.22,31.5932140,120.7805615,2.677,13630303.152,24926821.658,2.677,0.000,0.000,0.000,0.000,0.000,0.000,0.000,17,17,4*52
$GPGGA,080719.40,3135.5929573,N,12046.8335226,E,4,17,1.6,2.6816,M,8.325,M,01,0004*61
$GPHPD,0,0.000,309.07,0.25,-12.12,31.5932160,120.7805587,2.682,13630301.137,24926818.932,2.682,0.000,0.000,0.000,0.000,0.000,0.000,0.000,17,17,4*53
$GPGGA,080719.60,3135.5930674,N,12046.8333636,E,4,17,1.6,2.6821,M,8.325,M,01,0004*68
$GPHPD,0,0.000,308.71,0.39,-11.97,31.5932178,120.7805561,2.682,13630299.252,24926816.374,2.682,0.000,0.000,0.000,0.000,0.000,0.000,0.000,17,17,4*57
$GPGGA,080719.80,3135.5931692,N,12046.8332205,E,4,17,1.6,2.6830,M,8.325,M,01,0004*6A
$GPHPD,0,0.000,308.53,0.41,-11.84,31.5932195,120.7805537,2.683,13630297.517,24926814.055,2.683,0.000,0.000,0.000,0.000,0.000,0.000,0.000,17,17,4*50
$GPGGA,080720.00,3135.5932592,N,12046.8330889,E,4,17,1.6,2.6993,M,8.325,M,02,0004*6F
$GPHPD,0,0.000,308.42,0.26,-11.78,31.5932210,120.7805515,2.699,13630295.973,24926811.944,2.699,0.000,0.000,0.000,0.000,0.000,0.000,0.000,17,17,4*5C
$GPGGA,080720.20,3135.5933468,N,12046.8329638,E,4,17,1.6,2.6959,M,8.325,M,02,0004*62
$GPHPD,0,0.000,308.55,-0.36,-11.78,31.5932224,120.7805494,2.696,13630294.476,24926809.925,2.696,0.000,0.000,0.000,0.000,0.000,0.000,0.000,17,17,4*7E
$GPGGA,080720.40,3135.5934327,N,12046.8328407,E,4,17,1.6,2.6821,M,8.325,M,02,0004*6E
$GPHPD,0,0.000,308.49,0.25,-11.79,31.5932239,120.7805473,2.682,13630293.008,24926807.940,2.682,0.000,0.000,0.000,0.000,0.000,0.000,0.000,17,17,4*5F
$GPGGA,080720.60,3135.5935133,N,12046.8327222,E,4,17,1.6,2.6849,M,8.325,M,02,0004*6A
$GPHPD,0,0.000,308.50,0.34,-11.79,31.5932252,120.7805454,2.685,13630291.624,24926806.042,2.685,0.000,0.000,0.000,0.000,0.000,0.000,0.000,17,17,4*5F
$GPGGA,080720.80,3135.5935914,N,12046.8326109,E,4,17,1.6,2.6933,M,8.325,M,02,0004*6E
$GPHPD,0,0.000,308.69,0.26,-11.82,31.5932265,120.7805435,2.693,13630290.290,24926804.245,2.693,0.000,0.000,0.000,0.000,0.000,0.000,0.000,17,17,4*5C
$GPGGA,080721.00,3135.5936678,N,12046.8325021,E,4,17,1.6,2.7002,M,8.325,M,03,0004*62
$GPHPD,0,0.000,308.66,0.03,-11.83,31.5932278,120.7805417,2.700,13630288.985,24926802.488,2.700,0.000,0.000,0.000,0.000,0.000,0.000,0.000,17,17,4*5E
$GPGGA,080721.20,3135.5937405,N,12046.8323988,E,4,17,1.6,2.6953,M,8.325,M,03,0004*69
$GPHPD,0,0.000,308.45,-0.20,-11.83,31.5932290,120.7805400,2.695,13630287.743,24926800.819,2.695,0.000,0.000,0.000,0.000,0.000,0.000,0.000,17,17,4*7E
$GPGGA,080721.40,3135.5938145,N,12046.8322963,E,4,17,1.6,2.6958,M,8.325,M,03,0004*6E
$GPHPD,0,0.000,308.47,-0.07,-11.83,31.5932302,120.7805383,2.696,13630286.485,24926799.152,2.696,0.000,0.000,0.000,0.000,0.000,0.000,0.000,17,18,4*71
$GPGGA,080721.60,3135.5938839,N,12046.8321993,E,4,17,1.5,2.7001,M,8.325,M,00,0004*66
$GPHPD,0,0.000,308.45,0.10,-11.83,31.5932314,120.7805367,2.700,13630285.304,24926797.578,2.700,0.000,0.000,0.000,0.000,0.000,0.000,0.000,17,18,4*5A
$GPGGA,080721.80,3135.5939520,N,12046.8321015,E,4,17,1.5,2.6839,M,8.325,M,00,0004*69
$GPHPD,0,0.000,308.45,0.11,-11.84,31.5932325,120.7805350,2.684,13630284.139,24926796.002,2.684,0.000,0.000,0.000,0.000,0.000,0.000,0.000,17,18,4*5E
$GPGGA,080722.00,3135.5940177,N,12046.8320103,E,4,17,1.5,2.6776,M,8.325,M,01,0004*68
$GPHPD,0,0.000,308.46,-0.32,-11.83,31.5932336,120.7805335,2.678,13630283.022,24926794.519,2.678,0.000,0.000,0.000,0.000,0.000,0.000,0.000,17,18,4*76
$GPGGA,080722.20,3135.5940773,N,12046.8319256,E,4,17,1.5,2.6805,M,8.325,M,01,0004*6A
$GPHPD,0,0.000,308.32,-0.08,-11.79,31.5932346,120.7805321,2.681,13630282.004,24926793.151,2.681,0.000,0.000,0.000,0.000,0.000,0.000,0.000,17,18,4*71
$GPGGA,080722.40,3135.5941309,N,12046.8318482,E,4,17,2.0,2.6800,M,8.325,M,01,0004*69
$GPHPD,0,0.000,308.37,-0.24,-11.73,31.5932355,120.7805308,2.680,13630281.086,24926791.905,2.680,0.000,0.000,0.000,0.000,0.000,0.000,0.000,17,18,4*7B
$GPGGA,080722.60,3135.5941793,N,12046.8317804,E,4,16,2.0,2.6774,M,8.325,M,00,0004*6D
$GPHPD,0,0.000,308.35,-0.27,-11.69,31.5932363,120.7805297,2.677,13630280.262,24926790.806,2.677,0.000,0.000,0.000,0.000,0.000,0.000,0.000,16,18,4*78
$GPGGA,080722.80,3135.5942228,N,12046.8317193,E,4,17,2.0,2.6852,M,8.325,M,00,0004*68
$GPHPD,0,0.000,308.81,-0.09,-11.69,31.5932370,120.7805287,2.685,13630279.521,24926789.815,2.685,0.000,0.000,0.000,0.000,0.000,0.000,0.000,17,18,4*75
$GPGGA,080723.00,3135.5942669,N,12046.8316623,E,4,17,2.0,2.6710,M,8.325,M,01,0004*65
$GPHPD,0,0.000,309.19,-0.30,-11.69,31.5932378,120.7805277,2.671,13630278.779,24926788.871,2.671,0.000,0.000,0.000,0.000,0.000,0.000,0.000,17,18,4*75
$GPGGA,080723.20,3135.5943047,N,12046.8316141,E,4,17,2.0,2.6783,M,8.325,M,01,0004*65
$GPHPD,0,0.000,309.22,0.26,-11.71,31.5932384,120.7805269,2.678,13630278.145,24926788.070,2.678,0.000,0.000,0.000,0.000,0.000,0.000,0.000,17,18,4*52
$GPGGA,080723.40,3135.5943394,N,12046.8315654,E,4,17,2.0,2.6799,M,8.325,M,01,0004*65
$GPHPD,0,0.000,309.45,-0.08,-11.72,31.5932390,120.7805261,2.680,13630277.554,24926787.280,2.680,0.000,0.000,0.000,0.000,0.000,0.000,0.000,17,18,4*75
$GPGGA,080723.60,3135.5943747,N,12046.8315224,E,4,17,2.0,2.6812,M,8.325,M,00,0004*63
$GPHPD,0,0.000,309.62,0.11,-11.76,31.5932396,120.7805254,2.681,13630276.966,24926786.556,2.681,0.000,0.000,0.000,0.000,0.000,0.000,0.000,17,18,4*50
$GPGGA,080723.80,3135.5944037,N,12046.8314793,E,4,17,2.0,2.6814,M,8.325,M,00,0004*64
$GPHPD,0,0.000,309.83,-0.21,-11.79,31.5932401,120.7805247,2.681,13630276.467,24926785.868,2.681,0.000,0.000,0.000,0.000,0.000,0.000,0.000,17,18,4*7A
$GPGGA,080724.00,3135.5944348,N,12046.8314362,E,4,17,2.0,2.6778,M,8.325,M,01,0004*6E
$GPHPD,0,0.000,309.93,0.13,-11.83,31.5932406,120.7805239,2.678,13630275.938,24926785.167,2.678,0.000,0.000,0.000,0.000,0.000,0.000,0.000,17,18,4*5E
$GPGGA,080724.20,3135.5944636,N,12046.8313985,E,4,17,2.0,2.6882,M,8.325,M,01,0004*6E
$GPHPD,0,0.000,309.98,-0.13,-11.89,31.5932411,120.7805233,2.688,13630275.453,24926784.544,2.688,0.000,0.000,0.000,0.000,0.000,0.000,0.000,17,18,4*7A
$GPGGA,080724.40,3135.5944962,N,12046.8313573,E,4,17,2.0,2.6833,M,8.325,M,01,0004*69
$GPHPD,0,0.000,310.09,-0.68,-11.98,31.5932416,120.7805226,2.683,13630274.906,24926783.858,2.683,0.000,0.000,0.000,0.000,0.000,0.000,0.000,17,18,4*7E
$GPGGA,080724.60,3135.5945291,N,12046.8313125,E,4,17,2.0,2.6810,M,8.325,M,00,0004*6A
$GPHPD,0,0.000,310.06,-0.32,-12.07,31.5932422,120.7805219,2.681,13630274.349,24926783.126,2.681,0.000,0.000,0.000,0.000,0.000,0.000,0.000,17,18,4*71
$GPGGA,080724.80,3135.5945639,N,12046.8312591,E,4,17,2.0,2.6777,M,8.325,M,00,0004*66
$GPHPD,0,0.000,310.00,-0.21,-12.18,31.5932427,120.7805210,2.678,13630273.746,24926782.279,2.678,0.000,0.000,0.000,0.000,0.000,0.000,0.000,17,18,4*73
$GPGGA,080725.00,3135.5946036,N,12046.8312042,E,4,17,2.0,2.6804,M,8.325,M,01,0004*64
$GPHPD,0,0.000,310.11,-0.20,-12.31,31.5932434,120.7805201,2.680,13630273.072,24926781.386,2.680,0.000,0.000,0.000,0.000,0.000,0.000,0.000,17,18,4*79
$GPGGA,080725.20,3135.5946481,N,12046.8311428,E,4,17,2.0,2.6810,M,8.325,M,01,0004*60
$GPHPD,0,0.000,310.17,-0.05,-12.41,31.5932441,120.7805190,2.681,13630272.316,24926780.386,2.681,0.000,0.000,0.000,0.000,0.000,0.000,0.000,17,18,4*77
$GPGGA,080725.40,3135.5947009,N,12046.8310739,E,4,17,2.0,2.6834,M,8.325,M,01,0004*67
$GPHPD,0,0.000,310.32,0.32,-12.53,31.5932450,120.7805179,2.683,13630271.426,24926779.248,2.683,0.000,0.000,0.000,0.000,0.000,0.000,0.000,17,18,4*5F
$GPGGA,080725.60,3135.5947585,N,12046.8309984,E,4,17,2.0,2.6802,M,8.325,M,00,0004*60
$GPHPD,0,0.000,310.23,0.45,-12.65,31.5932460,120.7805166,2.680,13630270.456,24926778.002,2.680,0.000,0.000,0.000,0.000,0.000,0.000,0.000,17,18,4*5C
$GPGGA,080725.80,3135.5948245,N,12046.8309151,E,4,17,2.0,2.6783,M,8.325,M,00,0004*6C
$GPHPD,0,0.000,310.26,0.46,-12.76,31.5932471,120.7805153,2.678,13630269.350,24926776.613,2.678,0.000,0.000,0.000,0.000,0.000,0.000,0.000,17,18,4*5F
$GPGGA,080726.00,3135.5948947,N,12046.8308207,E,4,17,2.0,2.6700,M,8.325,M,01,0004*65
$GPHPD,0,0.000,310.16,0.63,-12.88,31.5932482,120.7805137,2.670,13630268.162,24926775.066,2.670,0.000,0.000,0.000,0.000,0.000,0.000,0.000,17,18,4*51
$GPGGA,080726.20,3135.5949721,N,12046.8307201,E,4,16,2.0,2.6788,M,8.325,M,01,0004*60
$GPHPD,0,0.000,310.32,0.42,-12.97,31.5932495,120.7805120,2.679,13630266.860,24926773.402,2.679,0.000,0.000,0.000,0.000,0.000,0.000,0.000,16,18,4*5E
$GPGGA,080726.40,3135.5950536,N,12046.8306083,E,4,17,2.0,2.6809,M,8.325,M,01,0004*64
$GPHPD,0,0.000,310.35,0.36,-13.07,31.5932509,120.7805101,2.681,13630265.476,24926771.579,2.681,0.000,0.000,0.000,0.000,0.000,0.000,0.000,17,18,4*53
$GPGGA,080726.60,3135.5951399,N,12046.8304920,E,4,17,2.0,2.6884,M,8.325,M,00,0004*62
$GPHPD,0,0.000,310.55,0.75,-13.16,31.5932523,120.7805082,2.688,13630264.016,24926769.674,2.688,0.000,0.000,0.000,0.000,0.000,0.000,0.000,17,18,4*54
$GPGGA,080726.80,3135.5952322,N,12046.8303711,E,4,17,2.0,2.6914,M,8.325,M,00,0004*6C
$GPHPD,0,0.000,310.61,0.79,-13.21,31.5932539,120.7805062,2.691,13630262.460,24926767.678,2.691,0.000,0.000,0.000,0.000,0.000,0.000,0.000,17,18,4*5F
$GPGGA,080727.00,3135.5953292,N,12046.8302447,E,4,17,2.0,2.6834,M,8.325,M,01,0004*6D
$GPHPD,0,0.000,310.68,0.40,-13.26,31.5932555,120.7805041,2.683,13630260.827,24926765.589,2.683,0.000,0.000,0.000,0.000,0.000,0.000,0.000,17,18,4*52
$GPGGA,080727.20,3135.5954270,N,12046.8301158,E,4,17,2.0,2.6826,M,8.325,M,01,0004*6F
$GPHPD,0,0.000,310.77,0.65,-13.27,31.5932571,120.7805019,2.683,13630259.178,24926763.465,2.683,0.000,0.000,0.000,0.000,0.000,0.000,0.000,17,18,4*5D
$GPGGA,080727.40,3135.5955262,N,12046.8299844,E,4,17,2.0,2.6968,M,8.325,M,01,0004*64
$GPHPD,0,0.000,310.77,0.07,-13.27,31.5932588,120.7804997,2.697,13630257.503,24926761.303,2.697,0.000,0.000,0.000,0.000,0.000,0.000,0.000,17,18,4*52
$GPGGA,080727.60,3135.5956254,N,12046.8298507,E,4,17,2.0,2.6927,M,8.325,M,01,0004*60
$GPHPD,0,0.000,310.88,-0.32,-13.27,31.5932604,120.7804975,2.693,13630255.824,24926759.113,2.693,0.000,0.000,0.000,0.000,0.000,0.000,0.000,17,18,4*70
$GPGGA,080727.80,3135.5957283,N,12046.8297176,E,4,17,2.0,2.7019,M,8.325,M,01,0004*6D
$GPHPD,0,0.000,310.68,-0.17,-13.23,31.5932621,120.7804953,2.702,13630254.094,24926756.908,2.702,0.000,0.000,0.000,0.000,0.000,0.000,0.000,17,18,4*71
$GPGGA,080728.00,3135.5958318,N,12046.8295847,E,4,17,2.0,2.6888,M,8.325,M,02,0004*6D
$GPHPD,0,0.000,310.81,-0.15,-13.19,31.5932639,120.7804931,2.689,13630252.355,24926754.703,2.689,0.000,0.000,0.000,0.000,0.000,0.000,0.000,17,18,4*7F
$GPGGA,080728.20,3135.5959318,N,12046.8294540,E,4,17,2.0,2.7004,M,8.325,M,02,0004*68
$GPHPD,0,0.000,310.43,-0.53,-13.14,31.5932655,120.7804909,2.700,13630250.671,24926752.544,2.700,0.000,0.000,0.000,0.000,0.000,0.000,0.000,17,18,4*79
$GPGGA,080728.40,3135.5960321,N,12046.8293193,E,4,16,2.0,2.6946,M,8.325,M,02,0004*6C
$GPHPD,0,0.000,310.21,-0.59,-13.12,31.5932672,120.7804887,2.695,13630248.974,24926750.336,2.695,0.000,0.000,0.000,0.000,0.000,0.000,0.000,16,17,4*7F
$GPGGA,080728.60,3135.5961333,N,12046.8291897,E,4,16,2.0,2.7009,M,8.325,M,02,0004*60
$GPHPD,0,0.000,310.44,0.83,-13.12,31.5932689,120.7804865,2.701,13630247.275,24926748.183,2.701,0.000,0.000,0.000,0.000,0.000,0.000,0.000,16,17,4*5E
$GPGGA,080728.80,3135.5962325,N,12046.8290572,E,4,16,2.0,2.6894,M,8.325,M,00,0004*62
$GPHPD,0,0.000,310.36,0.71,-13.11,31.5932705,120.7804843,2.689,13630245.598,24926746.008,2.689,0.000,0.000,0.000,0.000,0.000,0.000,0.000,16,17,4*5E
$GPGGA,080729.00,3135.5963309,N,12046.8289259,E,4,16,2.0,2.7068,M,8.325,M,01,0004*69
$GPHPD,0,0.000,310.16,0.92,-13.07,31.5932722,120.7804821,2.707,13630243.936,24926743.851,2.707,0.000,0.000,0.000,0.000,0.000,0.000,0.000,16,17,4*58
$GPGGA,080729.20,3135.5964259,N,12046.8287922,E,4,16,2.0,2.7240,M,8.325,M,01,0004*69
$GPHPD,0,0.000,310.12,0.16,-13.03,31.5932738,120.7804799,2.724,13630242.316,24926741.686,2.724,0.000,0.000,0.000,0.000,0.000,0.000,0.000,16,17,4*5C
$GPGGA,080729.40,3135.5965255,N,12046.8286597,E,4,16,2.0,2.7199,M,8.325,M,01,0004*66
$GPHPD,0,0.000,310.19,-1.12,-13.01,31.5932754,120.7804777,2.720,13630240.634,24926739.508,2.720,0.000,0.000,0.000,0.000,0.000,0.000,0.000,16,18,4*75
$GPGGA,080729.60,3135.5966250,N,12046.8285261,E,4,16,2.0,2.7203,M,8.324,M,00,0004*6F
$GPHPD,0,0.000,310.09,-0.59,-12.97,31.5932771,120.7804754,2.720,13630238.951,24926737.317,2.720,0.000,0.000,0.000,0.000,0.000,0.000,0.000,16,17,4*78
$GPGGA,080729.80,3135.5967244,N,12046.8283909,E,4,16,2.0,2.7165,M,8.324,M,00,0004*65
$GPHPD,0,0.000,309.80,-0.37,-12.96,31.5932787,120.7804732,2.717,13630237.266,24926735.108,2.717,0.000,0.000,0.000,0.000,0.000,0.000,0.000,16,17,4*7F
$GPGGA,080730.00,3135.5968199,N,12046.8282519,E,4,16,2.1,2.7145,M,8.324,M,01,0004*67
$GPHPD,0,0.000,309.60,0.01,-12.97,31.5932803,120.7804709,2.715,13630235.629,24926732.875,2.715,0.000,0.000,0.000,0.000,0.000,0.000,0.000,16,17,4*5A
$GPGGA,080730.20,3135.5969191,N,12046.8281170,E,4,16,2.1,2.7099,M,8.324,M,01,0004*64
$GPHPD,0,0.000,309.49,-0.12,-13.00,31.5932820,120.7804686,2.710,13630233.947,24926730.671,2.710,0.000,0.000,0.000,0.000,0.000,0.000,0.000,16,17,4*7F
$GPGGA,080730.40,3135.5970158,N,12046.8279818,E,4,15,2.1,2.7172,M,8.324,M,01,0004*68
$GPHPD,0,0.000,309.18,0.18,-13.00,31.5932836,120.7804664,2.717,13630232.301,24926728.477,2.717,0.000,0.000,0.000,0.000,0.000,0.000,0.000,15,16,4*51
$GPGGA,080730.60,3135.5971150,N,12046.8278460,E,4,16,2.1,2.7140,M,8.324,M,01,0004*63
$GPHPD,0,0.000,309.12,0.09,-12.97,31.5932853,120.7804641,2.714,13630230.617,24926726.262,2.714,0.000,0.000,0.000,0.000,0.000,0.000,0.000,16,17,4*5E
$GPGGA,080730.80,3135.5972140,N,12046.8277036,E,4,16,2.1,2.7115,M,8.324,M,00,0004*66
$GPHPD,0,0.000,308.97,0.13,-12.95,31.5932869,120.7804617,2.712,13630228.924,24926723.968,2.712,0.000,0.000,0.000,0.000,0.000,0.000,0.000,16,17,4*53
$GPGGA,080731.00,3135.5973141,N,12046.8275617,E,4,16,2.1,2.7077,M,8.324,M,01,0004*6C
$GPHPD,0,0.000,309.06,-0.05,-12.96,31.5932886,120.7804594,2.708,13630227.215,24926721.674,2.708,0.000,0.000,0.000,0.000,0.000,0.000,0.000,16,17,4*7C
$GPGGA,080731.20,3135.5974127,N,12046.8274196,E,4,16,2.1,2.6979,M,8.324,M,01,0004*60
$GPHPD,0,0.000,308.82,0.16,-12.96,31.5932902,120.7804570,2.698,13630225.528,24926719.386,2.698,0.000,0.000,0.000,0.000,0.000,0.000,0.000,16,17,4*51
$GPGGA,080731.40,3135.5975120,N,12046.8272790,E,4,16,2.1,2.7182,M,8.324,M,01,0004*6B
$GPHPD,0,0.000,308.70,1.11,-12.96,31.5932919,120.7804547,2.718,13630223.834,24926717.112,2.718,0.000,0.000,0.000,0.000,0.000,0.000,0.000,16,17,4*53
$GPGGA,080731.60,3135.5976124,N,12046.8271344,E,4,16,2.1,2.7080,M,8.324,M,00,0004*62
$GPHPD,0,0.000,308.55,0.05,-12.95,31.5932935,120.7804522,2.708,13630222.116,24926714.784,2.708,0.000,0.000,0.000,0.000,0.000,0.000,0.000,16,17,4*5C
$GPGGA,080731.80,3135.5977139,N,12046.8269932,E,4,16,2.1,2.7019,M,8.324,M,00,0004*63
$GPHPD,0,0.000,308.03,-0.22,-12.93,31.5932952,120.7804499,2.702,13630220.389,24926712.490,2.702,0.000,0.000,0.000,0.000,0.000,0.000,0.000,16,17,4*77
$GPGGA,080732.00,3135.5978106,N,12046.8268466,E,4,16,2.1,2.6958,M,8.324,M,01,0004*6A
$GPHPD,0,0.000,307.32,-0.16,-12.91,31.5932968,120.7804474,2.696,13630218.719,24926710.159,2.696,0.000,0.000,0.000,0.000,0.000,0.000,0.000,16,17,4*71
$GPGGA,080732.20,3135.5979085,N,12046.8266991,E,4,16,2.1,2.7040,M,8.324,M,01,0004*69
$GPHPD,0,0.000,307.20,-0.22,-12.87,31.5932985,120.7804450,2.704,13630217.031,24926707.810,2.704,0.000,0.000,0.000,0.000,0.000,0.000,0.000,16,17,4*77
$GPGGA,080732.40,3135.5980049,N,12046.8265548,E,4,16,2.1,2.7102,M,8.324,M,01,0004*65
$GPHPD,0,0.000,306.91,-0.22,-12.85,31.5933001,120.7804426,2.710,13630215.370,24926705.508,2.710,0.000,0.000,0.000,0.000,0.000,0.000,0.000,16,17,4*79
$GPGGA,080732.60,3135.5981003,N,12046.8264053,E,4,16,2.1,2.7110,M,8.324,M,00,0004*64
$GPHPD,0,0.000,306.37,-0.13,-12.86,31.5933017,120.7804401,2.711,13630213.714,24926703.150,2.711,0.000,0.000,0.000,0.000,0.000,0.000,0.000,16,17,4*79
$GPGGA,080732.80,3135.5981967,N,12046.8262593,E,4,16,2.1,2.7111,M,8.324,M,00,0004*6F
$GPHPD,0,0.000,306.08,0.09,-12.87,31.5933033,120.7804377,2.711,13630212.050,24926700.828,2.711,0.000,0.000,0.000,0.000,0.000,0.000,0.000,16,17,4*51
$GPGGA,080733.00,3135.5982907,N,12046.8261073,E,4,16,2.1,2.7176,M,8.324,M,01,0004*6B
$GPHPD,0,0.000,305.97,0.31,-12.84,31.5933048,120.7804351,2.718,13630210.408,24926698.447,2.718,0.000,0.000,0.000,0.000,0.000,0.000,0.000,16,17,4*5A
$GPGGA,080733.20,3135.5983898,N,12046.8259617,E,4,16,1.6,2.7054,M,8.324,M,01,0004*65
$GPHPD,0,0.000,306.42,-1.23,-12.83,31.5933065,120.7804327,2.705,13630208.706,24926696.114,2.705,0.000,0.000,0.000,0.000,0.000,0.000,0.000,16,17,4*7E
$GPGGA,080733.40,3135.5984874,N,12046.8258135,E,4,16,1.6,2.7051,M,8.324,M,01,0004*65
$GPHPD,0,0.000,306.39,-0.24,-12.84,31.5933081,120.7804302,2.705,13630207.021,24926693.759,2.705,0.000,0.000,0.000,0.000,0.000,0.000,0.000,16,17,4*79
$GPGGA,080733.60,3135.5985819,N,12046.8256617,E,4,16,2.0,2.7161,M,8.324,M,01,0004*63
$GPHPD,0,0.000,306.59,-0.64,-12.83,31.5933097,120.7804277,2.716,13630205.372,24926691.378,2.716,0.000,0.000,0.000,0.000,0.000,0.000,0.000,16,17,4*7A
$GPGGA,080733.80,3135.5986800,N,12046.8255141,E,4,16,1.5,2.7166,M,8.324,M,01,0004*60
$GPHPD,0,0.000,306.76,-0.47,-12.82,31.5933113,120.7804252,2.717,13630203.681,24926689.026,2.717,0.000,0.000,0.000,0.000,0.000,0.000,0.000,16,17,4*73
$GPGGA,080734.00,3135.5987786,N,12046.8253655,E,4,16,1.5,2.7019,M,8.324,M,02,0004*61
$GPHPD,0,0.000,306.94,0.13,-12.84,31.5933130,120.7804228,2.702,13630201.980,24926686.660,2.702,0.000,0.000,0.000,0.000,0.000,0.000,0.000,16,17,4*5E
$GPGGA,080734.20,3135.5988774,N,12046.8252212,E,4,16,1.5,2.7037,M,8.324,M,02,0004*6B
$GPHPD,0,0.000,307.11,-0.21,-12.86,31.5933146,120.7804204,2.704,13630200.285,24926684.345,2.704,0.000,0.000,0.000,0.000,0.000,0.000,0.000,16,17,4*7C
$GPGGA,080734.40,3135.5989745,N,12046.8250744,E,4,16,1.5,2.7077,M,8.324,M,02,0004*6E
$GPHPD,0,0.000,306.84,0.48,-12.86,31.5933162,120.7804179,2.708,13630198.610,24926682.009,2.708,0.000,0.000,0.000,0.000,0.000,0.000,0.000,16,17,4*5B
$GPGGA,080734.60,3135.5990712,N,12046.8249274,E,4,16,1.5,2.7099,M,8.324,M,00,0004*6A
$GPHPD,0,0.000,306.95,0.55,-12.88,31.5933179,120.7804155,2.710,13630196.940,24926679.673,2.710,0.000,0.000,0.000,0.000,0.000,0.000,0.000,16,17,4*56
$GPGGA,080734.80,3135.5991684,N,12046.8247803,E,4,16,1.5,2.7084,M,8.324,M,00,0004*63
$GPHPD,0,0.000,307.08,0.48,-12.88,31.5933195,120.7804130,2.708,13630195.262,24926677.333,2.708,0.000,0.000,0.000,0.000,0.000,0.000,0.000,16,17,4*59
$GPGGA,080735.00,3135.5992680,N,12046.8246317,E,4,16,1.5,2.6956,M,8.324,M,01,0004*64
$GPHPD,0,0.000,307.14,0.71,-12.90,31.5933211,120.7804105,2.696,13630193.547,24926674.961,2.696,0.000,0.000,0.000,0.000,0.000,0.000,0.000,16,17,4*56
$GPGGA,080735.20,3135.5993646,N,12046.8244864,E,4,16,1.5,2.7018,M,8.324,M,01,0004*62
$GPHPD,0,0.000,307.13,0.56,-12.92,31.5933227,120.7804081,2.702,13630191.882,24926672.646,2.702,0.000,0.000,0.000,0.000,0.000,0.000,0.000,16,17,4*54
$GPGGA,080735.40,3135.5994608,N,12046.8243447,E,4,16,1.5,2.7073,M,8.324,M,01,0004*6E
$GPHPD,0,0.000,307.07,0.14,-12.92,31.5933243,120.7804057,2.707,13630190.229,24926670.377,2.707,0.000,0.000,0.000,0.000,0.000,0.000,0.000,16,17,4*51
$GPGGA,080735.60,3135.5995571,N,12046.8241976,E,4,16,1.5,2.7038,M,8.324,M,01,0004*62
$GPHPD,0,0.000,306.83,0.43,-12.93,31.5933260,120.7804033,2.704,13630188.565,24926668.042,2.704,0.000,0.000,0.000,0.000,0.000,0.000,0.000,16,17,4*56
$GPGGA,080735.80,3135.5996513,N,12046.8240536,E,4,16,1.5,2.7022,M,8.324,M,01,0004*69
$GPHPD,0,0.000,306.46,0.55,-12.93,31.5933275,120.7804009,2.702,13630186.936,24926665.757,2.702,0.000,0.000,0.000,0.000,0.000,0.000,0.000,16,17,4*5F
$GPGGA,080736.00,3135.5997469,N,12046.8239040,E,4,16,1.5,2.6975,M,8.324,M,02,0004*6C
$GPHPD,0,0.000,306.26,0.51,-12.92,31.5933291,120.7803984,2.698,13630185.276,24926663.396,2.698,0.000,0.000,0.000,0.000,0.000,0.000,0.000,16,17,4*5E
$GPGGA,080736.20,3135.5998395,N,12046.8237598,E,4,16,1.5,2.7149,M,8.324,M,02,0004*6D
$GPHPD,0,0.000,306.02,0.55,-12.91,31.5933307,120.7803960,2.715,13630183.670,24926661.118,2.715,0.000,0.000,0.000,0.000,0.000,0.000,0.000,16,17,4*59
$GPGGA,080736.40,3135.5999340,N,12046.8236118,E,4,16,1.5,2.7120,M,8.324,M,02,0004*60
$GPHPD,0,0.000,305.96,-0.25,-12.89,31.5933322,120.7803935,2.712,13630182.029,24926658.783,2.712,0.000,0.000,0.000,0.000,0.000,0.000,0.000,16,17,4*76
$GPGGA,080736.60,3135.6000296,N,12046.8234652,E,4,16,1.5,2.7020,M,8.324,M,00,0004*6A
$GPHPD,0,0.000,305.73,0.05,-12.88,31.5933338,120.7803911,2.702,13630180.375,24926656.458,2.702,0.000,0.000,0.000,0.000,0.000,0.000,0.000,16,17,4*5D
$GPGGA,080736.80,3135.6001219,N,12046.8233140,E,4,16,1.5,2.6827,M,8.324,M,00,0004*6F
$GPHPD,0,0.000,305.36,0.57,-12.87,31.5933354,120.7803886,2.683,13630178.759,24926654.097,2.683,0.000,0.000,0.000,0.000,0.000,0.000,0.000,16,17,4*59
$GPGGA,080737.00,3135.6002167,N,12046.8231645,E,4,16,1.5,2.6947,M,8.324,M,01,0004*69
$GPHPD,0,0.000,305.43,-0.14,-12.86,31.5933369,120.7803861,2.695,13630177.111,24926651.742,2.695,0.000,0.000,0.000,0.000,0.000,0.000,0.000,16,17,4*78
$GPGGA,080737.20,3135.6003061,N,12046.8230163,E,4,16,1.5,2.6886,M,8.324,M,01,0004*63
$GPHPD,0,0.000,305.25,0.29,-12.85,31.5933384,120.7803836,2.689,13630175.542,24926649.434,2.689,0.000,0.000,0.000,0.000,0.000,0.000,0.000,16,17,4*52
$GPGGA,080737.40,3135.6003957,N,12046.8228669,E,4,16,1.5,2.6908,M,8.324,M,01,0004*6A
$GPHPD,0,0.000,305.03,0.51,-12.86,31.5933399,120.7803811,2.691,13630173.967,24926647.111,2.691,0.000,0.000,0.000,0.000,0.000,0.000,0.000,16,16,4*53
$GPGGA,080737.60,3135.6004865,N,12046.8227207,E,4,16,1.5,2.6986,M,8.324,M,01,0004*6A
$GPHPD,0,0.000,304.92,0.82,-12.85,31.5933414,120.7803787,2.699,13630172.383,24926644.819,2.699,0.000,0.000,0.000,0.000,0.000,0.000,0.000,16,16,4*56
$GPGGA,080737.80,3135.6005784,N,12046.8225704,E,4,15,2.0,2.6917,M,8.324,M,01,0004*6C
$GPHPD,0,0.000,305.00,0.15,-12.85,31.5933430,120.7803762,2.692,13630170.774,24926642.471,2.692,0.000,0.000,0.000,0.000,0.000,0.000,0.000,15,16,4*56
$GPGGA,080738.00,3135.6006699,N,12046.8224230,E,4,16,2.0,2.6968,M,8.324,M,02,0004*6E
$GPHPD,0,0.000,304.80,-0.02,-12.85,31.5933445,120.7803737,2.697,13630169.177,24926640.161,2.697,0.000,0.000,0.000,0.000,0.000,0.000,0.000,16,16,4*7E
$GPGGA,080738.20,3135.6007592,N,12046.8222721,E,4,16,2.0,2.7096,M,8.324,M,02,0004*6F
$GPHPD,0,0.000,304.89,0.64,-12.86,31.5933460,120.7803712,2.710,13630167.604,24926637.821,2.710,0.000,0.000,0.000,0.000,0.000,0.000,0.000,16,16,4*59
$GPGGA,080738.40,3135.6008494,N,12046.8221278,E,4,16,2.0,2.7031,M,8.324,M,02,0004*66
$GPHPD,0,0.000,305.15,0.13,-12.89,31.5933475,120.7803688,2.703,13630166.032,24926635.556,2.703,0.000,0.000,0.000,0.000,0.000,0.000,0.000,16,17,4*58
$GPGGA,080738.60,3135.6009449,N,12046.8219812,E,4,16,1.5,2.6988,M,8.324,M,00,0004*66
$GPHPD,0,0.000,305.35,0.44,-12.89,31.5933491,120.7803664,2.699,13630164.379,24926633.232,2.699,0.000,0.000,0.000,0.000,0.000,0.000,0.000,16,17,4*5D
$GPGGA,080738.80,3135.6010386,N,12046.8218338,E,4,16,1.5,2.6963,M,8.324,M,00,0004*63
$GPHPD,0,0.000,305.66,1.08,-12.90,31.5933506,120.7803639,2.696,13630162.751,24926630.908,2.696,0.000,0.000,0.000,0.000,0.000,0.000,0.000,16,17,4*54
$GPGGA,080739.00,3135.6011328,N,12046.8216886,E,4,16,1.5,2.6951,M,8.324,M,01,0004*6F
$GPHPD,0,0.000,305.76,0.59,-12.88,31.5933522,120.7803615,2.695,13630161.120,24926628.609,2.695,0.000,0.000,0.000,0.000,0.000,0.000,0.000,16,17,4*55
$GPGGA,080739.20,3135.6012256,N,12046.8215433,E,4,16,1.5,2.7043,M,8.324,M,01,0004*6C
$GPHPD,0,0.000,305.97,0.09,-12.90,31.5933538,120.7803591,2.704,13630159.508,24926626.316,2.704,0.000,0.000,0.000,0.000,0.000,0.000,0.000,16,17,4*52
$GPGGA,080739.40,3135.6013179,N,12046.8213988,E,4,16,1.5,2.7009,M,8.324,M,01,0004*60
$GPHPD,0,0.000,306.35,-0.31,-12.90,31.5933553,120.7803566,2.701,13630157.906,24926624.036,2.701,0.000,0.000,0.000,0.000,0.000,0.000,0.000,16,17,4*75
$GPGGA,080739.60,3135.6014152,N,12046.8212540,E,4,16,1.5,2.6927,M,8.324,M,01,0004*61
$GPHPD,0,0.000,306.23,-0.35,-12.91,31.5933569,120.7803542,2.693,13630156.231,24926621.723,2.693,0.000,0.000,0.000,0.000,0.000,0.000,0.000,16,17,4*70
$GPGGA,080739.80,3135.6015079,N,12046.8211114,E,4,16,1.5,2.7026,M,8.324,M,01,0004*69
$GPHPD,0,0.000,305.97,0.79,-12.92,31.5933585,120.7803519,2.703,13630154.627,24926619.464,2.703,0.000,0.000,0.000,0.000,0.000,0.000,0.000,16,17,4*5C
$GPGGA,080740.00,3135.6016026,N,12046.8209650,E,4,16,1.5,2.6985,M,8.324,M,02,0004*6A
$GPHPD,0,0.000,305.94,0.76,-12.92,31.5933600,120.7803494,2.699,13630152.986,24926617.147,2.699,0.000,0.000,0.000,0.000,0.000,0.000,0.000,16,17,4*52
$GPGGA,080740.20,3135.6016994,N,12046.8208240,E,4,16,1.5,2.6962,M,8.324,M,02,0004*65
$GPHPD,0,0.000,306.22,0.23,-12.92,31.5933617,120.7803471,2.696,13630151.326,24926614.882,2.696,0.000,0.000,0.000,0.000,0.000,0.000,0.000,16,17,4*51
$GPGGA,080740.40,3135.6017910,N,12046.8206803,E,4,16,1.5,2.7054,M,8.324,M,02,0004*60
$GPHPD,0,0.000,306.04,0.12,-12.92,31.5933632,120.7803447,2.705,13630149.735,24926612.616,2.705,0.000,0.000,0.000,0.000,0.000,0.000,0.000,16,17,4*5F
$GPGGA,080740.60,3135.6018810,N,12046.8205309,E,4,16,1.5,2.7084,M,8.324,M,02,0004*63
$GPHPD,0,0.000,306.26,0.00,-12.93,31.5933647,120.7803422,2.708,13630148.155,24926610.290,2.708,0.000,0.000,0.000,0.000,0.000,0.000,0.000,16,17,4*55
$GPGGA,080740.80,3135.6019805,N,12046.8203832,E,4,16,1.5,2.6792,M,8.324,M,00,0004*6E
$GPHPD,0,0.000,306.84,0.04,-12.93,31.5933663,120.7803397,2.679,13630146.444,24926607.930,2.679,0.000,0.000,0.000,0.000,0.000,0.000,0.000,16,17,4*5A
$GPGGA,080741.00,3135.6020742,N,12046.8202387,E,4,16,1.5,2.6874,M,8.324,M,01,0004*63
$GPHPD,0,0.000,306.93,0.64,-12.96,31.5933679,120.7803373,2.687,13630144.821,24926605.641,2.687,0.000,0.000,0.000,0.000,0.000,0.000,0.000,16,17,4*58
$GPGGA,080741.20,3135.6021705,N,12046.8200957,E,4,16,1.5,2.6958,M,8.324,M,01,0004*69
$GPHPD,0,0.000,306.75,0.76,-12.96,31.5933695,120.7803349,2.696,13630143.165,24926603.356,2.696,0.000,0.000,0.000,0.000,0.000,0.000,0.000,16,17,4*53
$GPGGA,080741.40,3135.6022669,N,12046.8199541,E,4,16,1.5,2.6994,M,8.324,M,01,0004*6F
$GPHPD,0,0.000,306.86,0.78,-12.94,31.5933711,120.7803326,2.699,13630141.510,24926601.087,2.699,0.000,0.000,0.000,0.000,0.000,0.000,0.000,16,17,4*5E
$GPGGA,080741.60,3135.6023591,N,12046.8198047,E,4,16,1.5,2.7083,M,8.324,M,00,0004*65
$GPHPD,0,0.000,306.56,0.42,-12.95,31.5933727,120.7803301,2.708,13630139.899,24926598.748,2.708,0.000,0.000,0.000,0.000,0.000,0.000,0.000,16,17,4*5F
$GPGGA,080741.80,3135.6024565,N,12046.8196571,E,4,16,1.5,2.6957,M,8.324,M,00,0004*68
$GPHPD,0,0.000,306.61,0.03,-12.95,31.5933743,120.7803276,2.696,13630138.217,24926596.401,2.696,0.000,0.000,0.000,0.000,0.000,0.000,0.000,16,17,4*50
$GPGGA,080742.00,3135.6025523,N,12046.8195110,E,4,16,2.0,2.7124,M,8.324,M,01,0004*6A
$GPHPD,0,0.000,306.41,0.28,-12.95,31.5933759,120.7803252,2.712,13630136.562,24926594.081,2.712,0.000,0.000,0.000,0.000,0.000,0.000,0.000,16,17,4*53
$GPGGA,080742.20,3135.6026474,N,12046.8193662,E,4,16,1.5,2.7091,M,8.324,M,01,0004*65
$GPHPD,0,0.000,306.34,0.10,-12.96,31.5933775,120.7803228,2.709,13630134.918,24926591.781,2.709,0.000,0.000,0.000,0.000,0.000,0.000,0.000,16,17,4*5B
$GPGGA,080742.40,3135.6027445,N,12046.8192154,E,4,16,1.5,2.7083,M,8.324,M,01,0004*60
$GPHPD,0,0.000,306.46,-0.42,-12.95,31.5933791,120.7803203,2.708,13630133.235,24926589.397,2.708,0.000,0.000,0.000,0.000,0.000,0.000,0.000,16,17,4*7D
$GPGGA,080742.60,3135.6028391,N,12046.8190714,E,4,17,1.5,2.7071,M,8.324,M,00,0004*6E
$GPHPD,0,0.000,306.62,-0.19,-12.97,31.5933807,120.7803179,2.707,13630131.600,24926587.110,2.707,0.000,0.000,0.000,0.000,0.000,0.000,0.000,17,17,4*7B
$GPGGA,080742.80,3135.6029367,N,12046.8189259,E,4,17,1.5,2.7097,M,8.324,M,00,0004*64
$GPHPD,0,0.000,306.89,-0.11,-12.95,31.5933823,120.7803154,2.710,13630129.920,24926584.787,2.710,0.000,0.000,0.000,0.000,0.000,0.000,0.000,17,17,4*72
$GPGGA,080743.00,3135.6030329,N,12046.8187808,E,4,17,1.5,2.7081,M,8.324,M,01,0004*69
$GPHPD,0,0.000,306.69,0.39,-12.94,31.5933839,120.7803130,2.708,13630128.261,24926582.477,2.708,0.000,0.000,0.000,0.000,0.000,0.000,0.000,17,17,4*56
$GPGGA,080743.20,3135.6031298,N,12046.8186391,E,4,17,1.5,2.7065,M,8.324,M,01,0004*61
$GPHPD,0,0.000,306.76,-0.09,-12.94,31.5933855,120.7803107,2.707,13630126.599,24926580.204,2.707,0.000,0.000,0.000,0.000,0.000,0.000,0.000,17,17,4*76
$GPGGA,080743.40,3135.6032265,N,12046.8184934,E,4,17,1.5,2.7100,M,8.324,M,01,0004*63
$GPHPD,0,0.000,306.73,0.90,-12.95,31.5933871,120.7803082,2.710,13630124.931,24926577.883,2.710,0.000,0.000,0.000,0.000,0.000,0.000,0.000,17,17,4*54
$GPGGA,080743.60,3135.6033263,N,12046.8183483,E,4,17,1.5,2.7078,M,8.324,M,00,0004*6F
$GPHPD,0,0.000,306.90,0.68,-12.95,31.5933888,120.7803058,2.708,13630123.221,24926575.552,2.708,0.000,0.000,0.000,0.000,0.000,0.000,0.000,17,17,4*51
$GPGGA,080743.80,3135.6034239,N,12046.8182059,E,4,17,1.5,2.7142,M,8.324,M,00,0004*63
$GPHPD,0,0.000,307.13,0.69,-12.95,31.5933904,120.7803034,2.714,13630121.547,24926573.267,2.714,0.000,0.000,0.000,0.000,0.000,0.000,0.000,17,18,4*58
$GPGGA,080744.00,3135.6035220,N,12046.8180542,E,4,17,1.5,2.7007,M,8.324,M,01,0004*69
$GPHPD,0,0.000,307.34,0.26,-12.95,31.5933920,120.7803009,2.701,13630119.847,24926570.866,2.701,0.000,0.000,0.000,0.000,0.000,0.000,0.000,17,18,4*50
$GPGGA,080744.20,3135.6036168,N,12046.8179088,E,4,17,1.5,2.7097,M,8.324,M,01,0004*6B
$GPHPD,0,0.000,307.56,-0.03,-12.95,31.5933936,120.7802985,2.710,13630118.207,24926568.560,2.710,0.000,0.000,0.000,0.000,0.000,0.000,0.000,17,17,4*77
$GPGGA,080744.40,3135.6037147,N,12046.8177657,E,4,17,1.5,2.7061,M,8.324,M,01,0004*62
$GPHPD,0,0.000,307.87,-0.03,-12.96,31.5933952,120.7802961,2.706,13630116.528,24926566.265,2.706,0.000,0.000,0.000,0.000,0.000,0.000,0.000,17,17,4*78
$GPGGA,080744.60,3135.6038130,N,12046.8176252,E,4,17,1.5,2.7068,M,8.324,M,00,0004*67
$GPHPD,0,0.000,308.16,-0.12,-12.97,31.5933969,120.7802938,2.707,13630114.848,24926563.998,2.707,0.000,0.000,0.000,0.000,0.000,0.000,0.000,17,18,4*70
$GPGGA,080744.80,3135.6039114,N,12046.8174839,E,4,17,1.5,2.7071,M,8.324,M,00,0004*63
$GPHPD,0,0.000,308.52,0.25,-12.97,31.5933985,120.7802914,2.707,13630113.165,24926561.721,2.707,0.000,0.000,0.000,0.000,0.000,0.000,0.000,17,18,4*5A
$GPGGA,080745.00,3135.6040104,N,12046.8173458,E,4,17,1.5,2.7084,M,8.324,M,01,0004*62
$GPHPD,0,0.000,308.56,0.06,-12.98,31.5934002,120.7802891,2.708,13630111.480,24926559.479,2.708,0.000,0.000,0.000,0.000,0.000,0.000,0.000,17,18,4*54
$GPGGA,080745.20,3135.6041094,N,12046.8172030,E,4,17,1.5,2.6969,M,8.324,M,01,0004*69
$GPHPD,0,0.000,308.55,0.32,-13.00,31.5934018,120.7802867,2.697,13630109.785,24926557.180,2.697,0.000,0.000,0.000,0.000,0.000,0.000,0.000,17,17,4*5F
$GPGGA,080745.40,3135.6042069,N,12046.8170620,E,4,17,1.4,2.7010,M,8.324,M,01,0004*6C
$GPHPD,0,0.000,308.70,0.41,-13.00,31.5934034,120.7802844,2.701,13630108.116,24926554.912,2.701,0.000,0.000,0.000,0.000,0.000,0.000,0.000,17,18,4*51
$GPGGA,080745.60,3135.6043077,N,12046.8169214,E,4,17,1.4,2.7068,M,8.324,M,00,0004*65
$GPHPD,0,0.000,308.90,0.29,-13.01,31.5934051,120.7802820,2.707,13630106.400,24926552.629,2.707,0.000,0.000,0.000,0.000,0.000,0.000,0.000,17,18,4*5C
$GPGGA,080745.80,3135.6044104,N,12046.8167808,E,4,17,1.4,2.7090,M,8.324,M,00,0004*67
$GPHPD,0,0.000,308.83,0.16,-13.02,31.5934068,120.7802797,2.709,13630104.657,24926550.336,2.709,0.000,0.000,0.000,0.000,0.000,0.000,0.000,17,18,4*53
$GPGGA,080746.00,3135.6045098,N,12046.8166390,E,4,17,1.4,2.7191,M,8.324,M,01,0004*63
$GPHPD,0,0.000,308.30,-0.21,-12.99,31.5934085,120.7802773,2.719,13630102.959,24926548.047,2.719,0.000,0.000,0.000,0.000,0.000,0.000,0.000,17,18,4*73
$GPGGA,080746.20,3135.6046084,N,12046.8164939,E,4,17,1.4,2.7137,M,8.324,M,01,0004*68
$GPHPD,0,0.000,308.12,-0.65,-13.00,31.5934101,120.7802749,2.714,13630101.266,24926545.723,2.714,0.000,0.000,0.000,0.000,0.000,0.000,0.000,17,18,4*7A
$GPGGA,080746.40,3135.6047094,N,12046.8163541,E,4,17,1.4,2.7170,M,8.324,M,01,0004*69
$GPHPD,0,0.000,308.06,-0.34,-13.02,31.5934118,120.7802726,2.717,13630099.549,24926543.449,2.717,0.000,0.000,0.000,0.000,0.000,0.000,0.000,17,18,4*7B
$GPGGA,080746.60,3135.6048106,N,12046.8162071,E,4,17,1.4,2.7081,M,8.324,M,00,0004*67
$GPHPD,0,0.000,307.58,-0.07,-13.02,31.5934135,120.7802701,2.708,13630097.815,24926541.087,2.708,0.000,0.000,0.000,0.000,0.000,0.000,0.000,17,18,4*7B
$GPGGA,080746.80,3135.6049064,N,12046.8160670,E,4,17,1.4,2.7248,M,8.324,M,00,0004*6F
$GPHPD,0,0.000,307.63,0.30,-13.03,31.5934151,120.7802678,2.725,13630096.171,24926538.839,2.725,0.000,0.000,0.000,0.000,0.000,0.000,0.000,17,18,4*5F
$GPGGA,080747.00,3135.6050010,N,12046.8159236,E,4,17,1.4,2.7258,M,8.324,M,01,0004*61
$GPHPD,0,0.000,307.35,-0.15,-13.02,31.5934167,120.7802654,2.726,13630094.538,24926536.559,2.726,0.000,0.000,0.000,0.000,0.000,0.000,0.000,17,18,4*72
$GPGGA,080747.20,3135.6051028,N,12046.8157795,E,4,17,1.4,2.7063,M,8.324,M,01,0004*61
$GPHPD,0,0.000,307.44,-0.23,-13.02,31.5934184,120.7802630,2.706,13630092.801,24926534.228,2.706,0.000,0.000,0.000,0.000,0.000,0.000,0.000,17,18,4*7C
$GPGGA,080747.40,3135.6051978,N,12046.8156333,E,4,17,1.4,2.7079,M,8.324,M,01,0004*69
$GPHPD,0,0.000,307.24,0.37,-13.04,31.5934200,120.7802606,2.708,13630091.157,24926531.912,2.708,0.000,0.000,0.000,0.000,0.000,0.000,0.000,17,18,4*50
$GPGGA,080747.60,3135.6052964,N,12046.8154894,E,4,17,1.4,2.7091,M,8.324,M,00,0004*66
$GPHPD,0,0.000,307.55,-0.04,-13.05,31.5934216,120.7802582,2.709,13630089.466,24926529.603,2.709,0.000,0.000,0.000,0.000,0.000,0.000,0.000,17,18,4*7A
$GPGGA,080747.80,3135.6053930,N,12046.8153415,E,4,17,1.4,2.7114,M,8.324,M,00,0004*66
$GPHPD,0,0.000,307.53,-0.06,-13.04,31.5934232,120.7802557,2.711,13630087.795,24926527.256,2.711,0.000,0.000,0.000,0.000,0.000,0.000,0.000,17,18,4*7A
$GPGGA,080748.00,3135.6054917,N,12046.8151993,E,4,17,1.4,2.7038,M,8.324,M,01,0004*6C
$GPHPD,0,0.000,307.89,-0.27,-13.07,31.5934249,120.7802533,2.704,13630086.106,24926524.967,2.704,0.000,0.000,0.000,0.000,0.000,0.000,0.000,17,17,4*7B
$GPGGA,080748.20,3135.6055906,N,12046.8150529,E,4,17,1.4,2.7097,M,8.324,M,01,0004*66
$GPHPD,0,0.000,307.93,0.09,-13.05,31.5934265,120.7802509,2.710,13630084.406,24926522.625,2.710,0.000,0.000,0.000,0.000,0.000,0.000,0.000,17,17,4*5C
$GPGGA,080748.40,3135.6056863,N,12046.8149119,E,4,17,1.4,2.7129,M,8.324,M,01,0004*6A
$GPHPD,0,0.000,308.04,0.02,-13.02,31.5934281,120.7802485,2.713,13630082.762,24926520.368,2.713,0.000,0.000,0.000,0.000,0.000,0.000,0.000,17,17,4*57
$GPGGA,080748.60,3135.6057895,N,12046.8147658,E,4,17,1.4,2.6996,M,8.324,M,00,0004*60
$GPHPD,0,0.000,308.10,-0.17,-13.02,31.5934298,120.7802461,2.700,13630081.001,24926518.005,2.700,0.000,0.000,0.000,0.000,0.000,0.000,0.000,17,17,4*7B
$GPGGA,080748.80,3135.6058928,N,12046.8146233,E,4,17,1.4,2.7025,M,8.324,M,00,0004*6E
$GPHPD,0,0.000,308.11,0.74,-13.01,31.5934315,120.7802437,2.703,13630079.246,24926515.685,2.703,0.000,0.000,0.000,0.000,0.000,0.000,0.000,17,17,4*53
$GPGGA,080749.00,3135.6059886,N,12046.8144847,E,4,17,1.5,2.7138,M,8.324,M,01,0004*65
$GPHPD,0,0.000,307.76,0.97,-13.02,31.5934331,120.7802414,2.714,13630077.605,24926513.455,2.714,0.000,0.000,0.000,0.000,0.000,0.000,0.000,17,16,4*51
$GPGGA,080749.20,3135.6060857,N,12046.8143386,E,4,17,1.6,2.7045,M,8.324,M,01,0004*68
$GPHPD,0,0.000,307.83,0.48,-13.01,31.5934348,120.7802390,2.705,13630075.931,24926511.128,2.705,0.000,0.000,0.000,0.000,0.000,0.000,0.000,17,16,4*58
$GPGGA,080749.40,3135.6061883,N,12046.8141978,E,4,17,1.6,2.7038,M,8.324,M,01,0004*65
$GPHPD,0,0.000,308.15,0.33,-13.01,31.5934365,120.7802366,2.704,13630074.190,24926508.832,2.704,0.000,0.000,0.000,0.000,0.000,0.000,0.000,17,16,4*5A
$GPGGA,080749.60,3135.6062869,N,12046.8140544,E,4,17,1.6,2.7045,M,8.323,M,01,0004*6F
$GPHPD,0,0.000,308.30,0.89,-13.02,31.5934381,120.7802342,2.705,13630072.500,24926506.529,2.705,0.000,0.000,0.000,0.000,0.000,0.000,0.000,17,16,4*51
$GPGGA,080749.80,3135.6063854,N,12046.8139114,E,4,17,1.6,2.7050,M,8.323,M,01,0004*65
$GPHPD,0,0.000,308.17,0.74,-13.03,31.5934398,120.7802319,2.705,13630070.812,24926504.231,2.705,0.000,0.000,0.000,0.000,0.000,0.000,0.000,17,16,4*51
$GPGGA,080750.00,3135.6064831,N,12046.8137666,E,4,17,1.6,2.7194,M,8.323,M,02,0004*67
$GPHPD,0,0.000,308.36,0.48,-13.04,31.5934414,120.7802294,2.719,13630069.132,24926501.916,2.719,0.000,0.000,0.000,0.000,0.000,0.000,0.000,17,16,4*55
$GPGGA,080750.20,3135.6065864,N,12046.8136270,E,4,16,1.6,2.7199,M,8.323,M,02,0004*6A
$GPHPD,0,0.000,308.92,0.06,-13.05,31.5934431,120.7802271,2.720,13630067.383,24926499.631,2.720,0.000,0.000,0.000,0.000,0.000,0.000,0.000,16,15,4*52
$GPGGA,080750.40,3135.6066867,N,12046.8134903,E,4,17,1.6,2.7402,M,8.323,M,02,0004*67
$GPHPD,0,0.000,308.57,0.38,-13.08,31.5934448,120.7802248,2.740,13630065.682,24926497.398,2.740,0.000,0.000,0.000,0.000,0.000,0.000,0.000,17,15,4*50
$GPGGA,080750.60,3135.6067864,N,12046.8133489,E,4,17,2.1,2.7452,M,8.323,M,02,0004*6E
$GPHPD,0,0.000,308.55,0.37,-13.08,31.5934464,120.7802225,2.745,13630063.980,24926495.112,2.745,0.000,0.000,0.000,0.000,0.000,0.000,0.000,17,15,4*51
$GPGGA,080750.80,3135.6068889,N,12046.8132114,E,4,17,2.1,2.7264,M,8.323,M,00,0004*6D
$GPHPD,0,0.000,308.67,-0.42,-13.10,31.5934481,120.7802202,2.726,13630062.247,24926492.857,2.726,0.000,0.000,0.000,0.000,0.000,0.000,0.000,17,15,4*76
$GPGGA,080751.00,3135.6069858,N,12046.8130670,E,4,17,2.1,2.7361,M,8.323,M,01,0004*6B
$GPHPD,0,0.000,308.57,0.27,-13.12,31.5934498,120.7802178,2.736,13630060.579,24926490.551,2.736,0.000,0.000,0.000,0.000,0.000,0.000,0.000,17,15,4*5E
$GPGGA,080751.20,3135.6070864,N,12046.8129321,E,4,17,2.1,2.7413,M,8.323,M,01,0004*65
$GPHPD,0,0.000,309.38,0.48,-13.16,31.5934514,120.7802155,2.741,13630058.877,24926488.339,2.741,0.000,0.000,0.000,0.000,0.000,0.000,0.000,17,15,4*58
$GPGGA,080751.40,3135.6071856,N,12046.8127839,E,4,17,2.1,2.7194,M,8.323,M,01,0004*65
$GPHPD,0,0.000,309.24,-0.11,-13.18,31.5934531,120.7802131,2.719,13630057.169,24926485.974,2.719,0.000,0.000,0.000,0.000,0.000,0.000,0.000,17,17,4*7A
$GPGGA,080751.60,3135.6072894,N,12046.8126508,E,4,17,1.5,2.7337,M,8.323,M,00,0004*69
$GPHPD,0,0.000,309.86,0.90,-13.19,31.5934548,120.7802108,2.734,13630055.426,24926483.764,2.734,0.000,0.000,0.000,0.000,0.000,0.000,0.000,17,17,4*56
$GPGGA,080751.80,3135.6073907,N,12046.8125068,E,4,17,1.5,2.7288,M,8.323,M,00,0004*68
$GPHPD,0,0.000,309.27,0.66,-13.20,31.5934565,120.7802084,2.729,13630053.696,24926481.438,2.729,0.000,0.000,0.000,0.000,0.000,0.000,0.000,17,17,4*53
$GPGGA,080752.00,3135.6074915,N,12046.8123709,E,4,17,1.5,2.7417,M,8.323,M,01,0004*60
$GPHPD,0,0.000,309.55,0.64,-13.22,31.5934582,120.7802062,2.742,13630051.990,24926479.212,2.742,0.000,0.000,0.000,0.000,0.000,0.000,0.000,17,17,4*55
$GPGGA,080752.20,3135.6075937,N,12046.8122373,E,4,17,1.5,2.7474,M,8.323,M,01,0004*6E
$GPHPD,0,0.000,309.53,0.06,-13.21,31.5934599,120.7802040,2.747,13630050.269,24926477.005,2.747,0.000,0.000,0.000,0.000,0.000,0.000,0.000,17,17,4*58
$GPGGA,080752.40,3135.6076920,N,12046.8120927,E,4,17,1.5,2.7485,M,8.323,M,01,0004*6A
$GPHPD,0,0.000,309.96,-0.33,-13.19,31.5934615,120.7802015,2.749,13630048.581,24926474.689,2.749,0.000,0.000,0.000,0.000,0.000,0.000,0.000,17,17,4*7F
$GPGGA,080752.60,3135.6077936,N,12046.8119527,E,4,17,1.5,2.7506,M,8.323,M,00,0004*63
$GPHPD,0,0.000,310.23,-0.04,-13.18,31.5934632,120.7801992,2.751,13630046.855,24926472.409,2.751,0.000,0.000,0.000,0.000,0.000,0.000,0.000,17,17,4*7A
$GPGGA,080752.80,3135.6078983,N,12046.8118118,E,4,17,1.5,2.7351,M,8.323,M,00,0004*61
$GPHPD,0,0.000,310.41,-0.37,-13.16,31.5934650,120.7801969,2.735,13630045.083,24926470.100,2.735,0.000,0.000,0.000,0.000,0.000,0.000,0.000,17,17,4*7E
$GPGGA,080753.00,3135.6080031,N,12046.8116733,E,4,17,1.5,2.7415,M,8.323,M,01,0004*68
$GPHPD,0,0.000,310.21,0.48,-13.17,31.5934667,120.7801946,2.742,13630043.315,24926467.820,2.742,0.000,0.000,0.000,0.000,0.000,0.000,0.000,17,17,4*52
$GPGGA,080753.20,3135.6081049,N,12046.8115390,E,4,17,1.5,2.7516,M,8.323,M,01,0004*68
$GPHPD,0,0.000,310.58,0.38,-13.17,31.5934684,120.7801923,2.752,13630041.598,24926465.607,2.752,0.000,0.000,0.000,0.000,0.000,0.000,0.000,17,17,4*5D
$GPGGA,080753.40,3135.6082065,N,12046.8113978,E,4,17,1.5,2.7399,M,8.323,M,01,0004*68
$GPHPD,0,0.000,310.33,0.12,-13.17,31.5934701,120.7801900,2.740,13630039.870,24926463.313,2.740,0.000,0.000,0.000,0.000,0.000,0.000,0.000,17,17,4*57
$GPGGA,080753.60,3135.6083094,N,12046.8112585,E,4,17,1.5,2.7462,M,8.323,M,01,0004*69
$GPHPD,0,0.000,310.20,0.52,-13.17,31.5934718,120.7801876,2.746,13630038.127,24926461.034,2.746,0.000,0.000,0.000,0.000,0.000,0.000,0.000,17,17,4*57
$GPGGA,080753.80,3135.6084132,N,12046.8111159,E,4,17,1.5,2.7440,M,8.323,M,01,0004*6B
$GPHPD,0,0.000,309.98,0.52,-13.15,31.5934736,120.7801853,2.744,13630036.364,24926458.710,2.744,0.000,0.000,0.000,0.000,0.000,0.000,0.000,17,17,4*55
$GPGGA,080754.00,3135.6085159,N,12046.8109784,E,4,17,1.5,2.7498,M,8.323,M,02,0004*61
$GPHPD,0,0.000,309.79,0.43,-13.14,31.5934753,120.7801830,2.750,13630034.628,24926456.453,2.750,0.000,0.000,0.000,0.000,0.000,0.000,0.000,17,17,4*58
$GPGGA,080754.20,3135.6086184,N,12046.8108419,E,4,17,1.5,2.7613,M,8.323,M,02,0004*67
$GPHPD,0,0.000,309.64,0.37,-13.14,31.5934770,120.7801807,2.761,13630032.896,24926454.210,2.761,0.000,0.000,0.000,0.000,0.000,0.000,0.000,17,17,4*5C
$GPGGA,080754.40,3135.6087222,N,12046.8107017,E,4,17,1.5,2.7604,M,8.323,M,02,0004*6C
$GPHPD,0,0.000,309.21,0.15,-13.13,31.5934787,120.7801784,2.760,13630031.139,24926451.915,2.760,0.000,0.000,0.000,0.000,0.000,0.000,0.000,17,17,4*52
$GPGGA,080754.60,3135.6088247,N,12046.8105552,E,4,17,1.5,2.7472,M,8.323,M,02,0004*67
$GPHPD,0,0.000,309.12,0.23,-13.13,31.5934804,120.7801759,2.747,13630029.387,24926449.551,2.747,0.000,0.000,0.000,0.000,0.000,0.000,0.000,17,17,4*58
$GPGGA,080754.80,3135.6089279,N,12046.8104126,E,4,17,1.5,2.7573,M,8.323,M,00,0004*61
$GPHPD,0,0.000,309.19,0.44,-13.14,31.5934821,120.7801735,2.757,13630027.633,24926447.231,2.757,0.000,0.000,0.000,0.000,0.000,0.000,0.000,17,17,4*53
$GPGGA,080755.00,3135.6090283,N,12046.8102660,E,4,17,1.5,2.7452,M,8.323,M,01,0004*65
$GPHPD,0,0.000,309.29,0.20,-13.14,31.5934838,120.7801711,2.745,13630025.911,24926444.878,2.745,0.000,0.000,0.000,0.000,0.000,0.000,0.000,17,17,4*55
$GPGGA,080755.20,3135.6091283,N,12046.8101267,E,4,17,1.5,2.7637,M,8.323,M,01,0004*67
$GPHPD,0,0.000,308.79,0.24,-13.13,31.5934855,120.7801688,2.764,13630024.210,24926442.616,2.764,0.000,0.000,0.000,0.000,0.000,0.000,0.000,17,17,4*53
$GPGGA,080755.40,3135.6092291,N,12046.8099831,E,4,17,1.5,2.7629,M,8.323,M,01,0004*67
$GPHPD,0,0.000,308.75,0.20,-13.14,31.5934872,120.7801664,2.763,13630022.488,24926440.297,2.763,0.000,0.000,0.000,0.000,0.000,0.000,0.000,17,17,4*55
$GPGGA,080755.60,3135.6093277,N,12046.8098338,E,4,17,1.5,2.7414,M,8.323,M,01,0004*63
$GPHPD,0,0.000,308.60,0.10,-13.16,31.5934888,120.7801639,2.741,13630020.786,24926437.922,2.741,0.000,0.000,0.000,0.000,0.000,0.000,0.000,17,17,4*57
$GPGGA,080755.80,3135.6094293,N,12046.8096996,E,4,17,1.5,2.7644,M,8.323,M,00,0004*66
$GPHPD,0,0.000,308.80,0.34,-13.18,31.5934905,120.7801617,2.764,13630019.072,24926435.712,2.764,0.000,0.000,0.000,0.000,0.000,0.000,0.000,17,17,4*50
$GPGGA,080756.00,3135.6095290,N,12046.8095556,E,4,17,1.5,2.7539,M,8.323,M,01,0004*64
$GPHPD,0,0.000,308.66,0.04,-13.17,31.5934922,120.7801593,2.754,13630017.365,24926433.395,2.754,0.000,0.000,0.000,0.000,0.000,0.000,0.000,17,17,4*58
$GPGGA,080756.20,3135.6096239,N,12046.8094037,E,4,17,1.5,2.7620,M,8.323,M,01,0004*6E
$GPHPD,0,0.000,308.80,0.08,-13.13,31.5934937,120.7801567,2.762,13630015.711,24926431.011,2.762,0.000,0.000,0.000,0.000,0.000,0.000,0.000,17,17,4*5F
$GPGGA,080756.40,3135.6097270,N,12046.8092678,E,4,17,1.5,2.7571,M,8.323,M,01,0004*68
$GPHPD,0,0.000,308.87,-0.51,-13.15,31.5934955,120.7801545,2.757,13630013.972,24926428.771,2.757,0.000,0.000,0.000,0.000,0.000,0.000,0.000,17,17,4*7F
$GPGGA,080756.60,3135.6098288,N,12046.8091264,E,4,17,1.5,2.7488,M,8.323,M,01,0004*6F
$GPHPD,0,0.000,308.68,0.31,-13.16,31.5934971,120.7801521,2.749,13630012.240,24926426.473,2.749,0.000,0.000,0.000,0.000,0.000,0.000,0.000,17,17,4*56
$GPGGA,080756.80,3135.6099303,N,12046.8089843,E,4,17,1.5,2.7423,M,8.323,M,01,0004*65
$GPHPD,0,0.000,308.36,0.81,-13.18,31.5934988,120.7801497,2.742,13630010.512,24926424.169,2.742,0.000,0.000,0.000,0.000,0.000,0.000,0.000,17,17,4*5C
$GPGGA,080757.00,3135.6100313,N,12046.8088399,E,4,17,1.5,2.7398,M,8.323,M,02,0004*65
$GPHPD,0,0.000,308.08,1.25,-13.20,31.5935005,120.7801473,2.740,13630008.786,24926421.839,2.740,0.000,0.000,0.000,0.000,0.000,0.000,0.000,17,17,4*5D
$GPGGA,080757.20,3135.6101320,N,12046.8086992,E,4,17,1.5,2.7544,M,8.323,M,02,0004*6E
$GPHPD,0,0.000,308.14,1.19,-13.21,31.5935022,120.7801450,2.754,13630007.071,24926419.556,2.754,0.000,0.000,0.000,0.000,0.000,0.000,0.000,17,17,4*55
$GPGGA,080757.40,3135.6102316,N,12046.8085579,E,4,17,1.5,2.7508,M,8.323,M,02,0004*6C
$GPHPD,0,0.000,307.98,1.12,-13.23,31.5935039,120.7801426,2.751,13630005.371,24926417.272,2.751,0.000,0.000,0.000,0.000,0.000,0.000,0.000,17,17,4*52
$GPGGA,080757.60,3135.6103284,N,12046.8084134,E,4,17,1.5,2.7515,M,8.323,M,02,0004*65
$GPHPD,0,0.000,307.20,1.61,-13.24,31.5935055,120.7801402,2.752,13630003.705,24926414.966,2.752,0.000,0.000,0.000,0.000,0.000,0.000,0.000,17,17,4*52
$GPGGA,080757.80,3135.6104244,N,12046.8082745,E,4,17,1.5,2.7646,M,8.323,M,00,0004*61
$GPHPD,0,0.000,307.28,1.51,-13.29,31.5935071,120.7801379,2.765,13630002.061,24926412.732,2.765,0.000,0.000,0.000,0.000,0.000,0.000,0.000,17,17,4*54
$GPGGA,080758.00,3135.6105233,N,12046.8081314,E,4,17,1.4,2.7613,M,8.323,M,01,0004*64
$GPHPD,0,0.000,307.61,0.46,-13.33,31.5935087,120.7801355,2.761,13630000.367,24926410.430,2.761,0.000,0.000,0.000,0.000,0.000,0.000,0.000,17,17,4*56
$GPGGA,080758.20,3135.6106189,N,12046.8079933,E,4,17,1.4,2.7799,M,8.323,M,01,0004*6C
$GPHPD,0,0.000,308.08,0.38,-13.35,31.5935103,120.7801332,2.780,13629998.730,24926408.208,2.780,0.000,0.000,0.000,0.000,0.000,0.000,0.000,17,16,4*56
$GPGGA,080758.40,3135.6107198,N,12046.8078564,E,4,17,1.6,2.7914,M,8.323,M,01,0004*6D
$GPHPD,0,0.000,308.15,0.21,-13.39,31.5935120,120.7801309,2.791,13629997.021,24926405.969,2.791,0.000,0.000,0.000,0.000,0.000,0.000,0.000,17,17,4*5F
$GPGGA,080758.60,3135.6108105,N,12046.8077099,E,4,17,1.6,2.7699,M,8.323,M,00,0004*67
$GPHPD,0,0.000,308.26,0.04,-13.41,31.5935135,120.7801285,2.770,13629995.437,24926403.674,2.770,0.000,0.000,0.000,0.000,0.000,0.000,0.000,17,17,4*52
$GPGGA,080758.80,3135.6109124,N,12046.8075672,E,4,17,1.6,2.7718,M,8.323,M,00,0004*62
$GPHPD,0,0.000,308.12,0.84,-13.42,31.5935152,120.7801261,2.772,13629993.701,24926401.360,2.772,0.000,0.000,0.000,0.000,0.000,0.000,0.000,17,17,4*57
$GPGGA,080759.00,3135.6110087,N,12046.8074280,E,4,16,2.1,2.7845,M,8.323,M,01,0004*60
$GPHPD,0,0.000,308.25,0.18,-13.43,31.5935168,120.7801238,2.785,13629992.052,24926399.121,2.785,0.000,0.000,0.000,0.000,0.000,0.000,0.000,16,15,4*50
$GPGGA,080759.20,3135.6111058,N,12046.8072834,E,4,16,2.1,2.7728,M,8.323,M,01,0004*66
$GPHPD,0,0.000,308.36,0.64,-13.45,31.5935184,120.7801214,2.773,13629990.381,24926396.811,2.773,0.000,0.000,0.000,0.000,0.000,0.000,0.000,16,15,4*59
$GPGGA,080759.40,3135.6112048,N,12046.8071420,E,4,16,2.1,2.7759,M,8.323,M,01,0004*6E
$GPHPD,0,0.000,308.29,0.61,-13.44,31.5935201,120.7801190,2.776,13629988.690,24926394.530,2.776,0.000,0.000,0.000,0.000,0.000,0.000,0.000,16,15,4*52
$GPGGA,080759.60,3135.6112997,N,12046.8069990,E,4,16,1.6,2.7766,M,8.323,M,00,0004*61
$GPHPD,0,0.000,308.15,0.31,-13.42,31.5935217,120.7801167,2.777,13629987.053,24926392.252,2.777,0.000,0.000,0.000,0.000,0.000,0.000,0.000,16,15,4*52
$GPGGA,080759.80,3135.6114012,N,12046.8068600,E,4,16,1.6,2.7807,M,8.323,M,00,0004*62
$GPHPD,0,0.000,308.13,0.63,-13.38,31.5935234,120.7801143,2.781,13629985.331,24926389.985,2.781,0.000,0.000,0.000,0.000,0.000,0.000,0.000,16,15,4*57
$GPGGA,080800.00,3135.6114973,N,12046.8067188,E,4,16,1.6,2.7964,M,8.323,M,01,0004*6A
$GPHPD,0,0.000,308.21,0.52,-13.36,31.5935250,120.7801120,2.796,13629983.681,24926387.723,2.796,0.000,0.000,0.000,0.000,0.000,0.000,0.000,16,15,4*59
$GPGGA,080800.20,3135.6115983,N,12046.8065792,E,4,15,1.6,2.7854,M,8.323,M,01,0004*68
$GPHPD,0,0.000,309.25,0.56,-13.37,31.5935266,120.7801097,2.785,13629981.964,24926385.451,2.785,0.000,0.000,0.000,0.000,0.000,0.000,0.000,15,15,4*50
$GPGGA,080800.40,3135.6116963,N,12046.8064360,E,4,15,2.2,2.7952,M,8.323,M,01,0004*6B
$GPHPD,0,0.000,308.65,1.01,-13.36,31.5935283,120.7801073,2.795,13629980.283,24926383.153,2.795,0.000,0.000,0.000,0.000,0.000,0.000,0.000,15,15,4*54
$GPGGA,080800.60,3135.6117964,N,12046.8062984,E,4,15,2.2,2.8024,M,8.323,M,00,0004*6F
$GPHPD,0,0.000,308.68,0.73,-13.37,31.5935299,120.7801050,2.802,13629978.583,24926380.911,2.802,0.000,0.000,0.000,0.000,0.000,0.000,0.000,15,14,4*5A
$GPGGA,080800.80,3135.6118977,N,12046.8061533,E,4,15,2.2,2.7917,M,8.323,M,00,0004*69
$GPHPD,0,0.000,308.79,0.41,-13.38,31.5935316,120.7801026,2.792,13629976.852,24926378.571,2.792,0.000,0.000,0.000,0.000,0.000,0.000,0.000,15,14,4*51
$GPGGA,080801.00,3135.6120022,N,12046.8060147,E,4,15,2.2,2.7879,M,8.323,M,01,0004*6C
$GPHPD,0,0.000,308.68,0.23,-13.39,31.5935334,120.7801002,2.788,13629975.087,24926376.291,2.788,0.000,0.000,0.000,0.000,0.000,0.000,0.000,15,14,4*56
$GPGGA,080801.20,3135.6120993,N,12046.8058754,E,4,15,2.2,2.8021,M,8.323,M,01,0004*68
$GPHPD,0,0.000,308.37,0.70,-13.39,31.5935350,120.7800979,2.802,13629973.427,24926374.046,2.802,0.000,0.000,0.000,0.000,0.000,0.000,0.000,15,14,4*5E
$GPGGA,080801.40,3135.6122032,N,12046.8057335,E,4,17,2.2,2.7982,M,8.323,M,01,0004*6F
$GPHPD,0,0.000,308.76,0.86,-13.41,31.5935367,120.7800956,2.798,13629971.665,24926371.730,2.798,0.000,0.000,0.000,0.000,0.000,0.000,0.000,17,16,4*51
$GPGGA,080801.60,3135.6123030,N,12046.8055947,E,4,17,1.5,2.8324,M,8.323,M,00,0004*6F
$GPHPD,0,0.000,308.49,1.09,-13.42,31.5935384,120.7800932,2.832,13629969.967,24926369.475,2.832,0.000,0.000,0.000,0.000,0.000,0.000,0.000,17,16,4*58
$GPGGA,080801.80,3135.6124054,N,12046.8054478,E,4,17,1.5,2.8177,M,8.323,M,00,0004*60
$GPHPD,0,0.000,308.57,-0.29,-13.39,31.5935401,120.7800908,2.818,13629968.216,24926367.107,2.818,0.000,0.000,0.000,0.000,0.000,0.000,0.000,17,16,4*74
$GPGGA,080802.00,3135.6125087,N,12046.8053102,E,4,17,1.5,2.8381,M,8.323,M,01,0004*61
$GPHPD,0,0.000,309.04,0.67,-13.36,31.5935418,120.7800885,2.838,13629966.471,24926364.846,2.838,0.000,0.000,0.000,0.000,0.000,0.000,0.000,17,16,4*51
$GPGGA,080802.20,3135.6126141,N,12046.8051655,E,4,17,1.5,2.8357,M,8.323,M,01,0004*67
$GPHPD,0,0.000,309.10,0.01,-13.33,31.5935436,120.7800861,2.836,13629964.681,24926362.487,2.836,0.000,0.000,0.000,0.000,0.000,0.000,0.000,17,16,4*5F
$GPGGA,080802.40,3135.6127189,N,12046.8050172,E,4,17,1.5,2.8360,M,8.323,M,01,0004*63
$GPHPD,0,0.000,309.25,0.11,-13.28,31.5935453,120.7800836,2.836,13629962.893,24926360.088,2.836,0.000,0.000,0.000,0.000,0.000,0.000,0.000,17,16,4*51
$GPGGA,080802.60,3135.6128236,N,12046.8048668,E,4,17,1.5,2.8210,M,8.323,M,00,0004*6B
$GPHPD,0,0.000,309.80,0.23,-13.22,31.5935471,120.7800811,2.821,13629961.103,24926357.665,2.821,0.000,0.000,0.000,0.000,0.000,0.000,0.000,17,16,4*52
$GPGGA,080802.80,3135.6129283,N,12046.8047224,E,4,17,1.5,2.8259,M,8.323,M,00,0004*64
$GPHPD,0,0.000,309.76,-0.04,-13.18,31.5935488,120.7800787,2.826,13629959.324,24926355.314,2.826,0.000,0.000,0.000,0.000,0.000,0.000,0.000,17,16,4*71
$GPGGA,080803.00,3135.6130379,N,12046.8045816,E,4,17,1.5,2.8382,M,8.323,M,01,0004*6E
$GPHPD,0,0.000,309.93,-0.12,-13.18,31.5935506,120.7800764,2.838,13629957.483,24926352.977,2.838,0.000,0.000,0.000,0.000,0.000,0.000,0.000,17,16,4*7B
$GPGGA,080803.20,3135.6131425,N,12046.8044391,E,4,17,1.5,2.8336,M,8.323,M,01,0004*69
$GPHPD,0,0.000,309.74,0.11,-13.16,31.5935524,120.7800740,2.834,13629955.709,24926350.650,2.834,0.000,0.000,0.000,0.000,0.000,0.000,0.000,17,16,4*5F
$GPGGA,080803.40,3135.6132490,N,12046.8042993,E,4,17,1.5,2.8424,M,8.323,M,01,0004*68
$GPHPD,0,0.000,310.12,0.31,-13.16,31.5935542,120.7800717,2.842,13629953.914,24926348.344,2.842,0.000,0.000,0.000,0.000,0.000,0.000,0.000,17,17,4*5B
$GPGGA,080803.60,3135.6133571,N,12046.8041550,E,4,17,1.5,2.8284,M,8.323,M,00,0004*68
$GPHPD,0,0.000,310.04,-0.13,-13.15,31.5935560,120.7800693,2.828,13629952.088,24926345.974,2.828,0.000,0.000,0.000,0.000,0.000,0.000,0.000,17,17,4*76
$GPGGA,080803.80,3135.6134580,N,12046.8040077,E,4,17,1.5,2.8171,M,8.323,M,00,0004*67
$GPHPD,0,0.000,310.36,0.61,-13.16,31.5935576,120.7800668,2.817,13629950.357,24926343.610,2.817,0.000,0.000,0.000,0.000,0.000,0.000,0.000,17,17,4*57
$GPGGA,080804.00,3135.6135662,N,12046.8038610,E,4,17,1.5,2.8185,M,8.323,M,01,0004*64
$GPHPD,0,0.000,310.89,0.68,-13.16,31.5935594,120.7800644,2.819,13629948.524,24926341.211,2.819,0.000,0.000,0.000,0.000,0.000,0.000,0.000,17,17,4*54
$GPGGA,080804.20,3135.6136749,N,12046.8037252,E,4,17,1.5,2.8286,M,8.323,M,01,0004*60
$GPHPD,0,0.000,311.02,0.02,-13.16,31.5935612,120.7800621,2.829,13629946.706,24926338.940,2.829,0.000,0.000,0.000,0.000,0.000,0.000,0.000,17,17,4*59
$GPGGA,080804.40,3135.6137840,N,12046.8035804,E,4,17,1.5,2.8218,M,8.323,M,01,0004*6D
$GPHPD,0,0.000,310.71,0.24,-13.19,31.5935631,120.7800597,2.822,13629944.864,24926336.559,2.822,0.000,0.000,0.000,0.000,0.000,0.000,0.000,17,17,4*5B
$GPGGA,080804.60,3135.6138943,N,12046.8034401,E,4,17,1.5,2.8247,M,8.323,M,00,0004*61
$GPHPD,0,0.000,310.83,0.26,-13.20,31.5935649,120.7800573,2.825,13629943.014,24926334.224,2.825,0.000,0.000,0.000,0.000,0.000,0.000,0.000,17,17,4*5C
$GPGGA,080804.80,3135.6140060,N,12046.8032996,E,4,17,1.5,2.8241,M,8.323,M,00,0004*6B
$GPHPD,0,0.000,310.86,0.25,-13.15,31.5935668,120.7800550,2.824,13629941.143,24926331.880,2.824,0.000,0.000,0.000,0.000,0.000,0.000,0.000,17,17,4*5E
$GPGGA,080805.00,3135.6141131,N,12046.8031558,E,4,17,1.5,2.8264,M,8.323,M,01,0004*6D
$GPHPD,0,0.000,310.63,0.47,-13.07,31.5935686,120.7800526,2.826,13629939.332,24926329.522,2.826,0.000,0.000,0.000,0.000,0.000,0.000,0.000,17,17,4*54
$GPGGA,080805.20,3135.6142173,N,12046.8030130,E,4,17,1.5,2.8368,M,8.323,M,01,0004*6C
$GPHPD,0,0.000,310.70,0.50,-13.01,31.5935703,120.7800502,2.837,13629937.563,24926327.193,2.837,0.000,0.000,0.000,0.000,0.000,0.000,0.000,17,17,4*50
$GPGGA,080805.40,3135.6143219,N,12046.8028797,E,4,17,1.5,2.8334,M,8.323,M,01,0004*6F
$GPHPD,0,0.000,311.21,0.45,-12.96,31.5935720,120.7800480,2.833,13629935.808,24926324.976,2.833,0.000,0.000,0.000,0.000,0.000,0.000,0.000,17,17,4*56
$GPGGA,080805.60,3135.6144210,N,12046.8027524,E,4,17,1.5,2.8469,M,8.323,M,00,0004*68
$GPHPD,0,0.000,311.16,0.50,-12.90,31.5935737,120.7800459,2.847,13629934.144,24926322.864,2.847,0.000,0.000,0.000,0.000,0.000,0.000,0.000,17,17,4*56
$GPGGA,080805.80,3135.6145176,N,12046.8026228,E,4,17,1.5,2.8286,M,8.323,M,00,0004*69
$GPHPD,0,0.000,311.44,0.01,-12.78,31.5935753,120.7800437,2.829,13629932.510,24926320.738,2.829,0.000,0.000,0.000,0.000,0.000,0.000,0.000,17,17,4*5E
$GPGGA,080806.00,3135.6146011,N,12046.8025110,E,4,17,1.4,2.8411,M,8.323,M,01,0004*62
$GPHPD,0,0.000,311.41,0.63,-12.64,31.5935767,120.7800419,2.841,13629931.098,24926318.904,2.841,0.000,0.000,0.000,0.000,0.000,0.000,0.000,17,17,4*55
$GPGGA,080806.20,3135.6146801,N,12046.8024066,E,4,17,1.4,2.8323,M,8.323,M,01,0004*6E
$GPHPD,0,0.000,310.84,0.53,-12.54,31.5935780,120.7800401,2.832,13629929.765,24926317.185,2.832,0.000,0.000,0.000,0.000,0.000,0.000,0.000,17,17,4*5F
$GPGGA,080806.40,3135.6147537,N,12046.8023141,E,4,17,1.4,2.8405,M,8.323,M,01,0004*61
$GPHPD,0,0.000,310.57,0.25,-12.46,31.5935792,120.7800386,2.841,13629928.533,24926315.641,2.841,0.000,0.000,0.000,0.000,0.000,0.000,0.000,17,17,4*55
$GPGGA,080806.60,3135.6148150,N,12046.8022323,E,4,17,1.4,2.8489,M,8.323,M,01,0004*6A
$GPHPD,0,0.000,310.38,-0.02,-12.39,31.5935803,120.7800372,2.849,13629927.497,24926314.297,2.849,0.000,0.000,0.000,0.000,0.000,0.000,0.000,17,17,4*7E
$GPGGA,080806.80,3135.6148722,N,12046.8021612,E,4,17,1.4,2.8510,M,8.323,M,01,0004*62
$GPHPD,0,0.000,310.49,-0.12,-12.31,31.5935812,120.7800360,2.851,13629926.541,24926313.107,2.851,0.000,0.000,0.000,0.000,0.000,0.000,0.000,17,17,4*74
$GPGGA,080807.00,3135.6149201,N,12046.8020949,E,4,17,1.4,2.8440,M,8.323,M,02,0004*69
$GPHPD,0,0.000,310.39,0.32,-12.22,31.5935820,120.7800349,2.844,13629925.727,24926312.028,2.844,0.000,0.000,0.000,0.000,0.000,0.000,0.000,17,17,4*58
$GPGGA,080807.20,3135.6149583,N,12046.8020403,E,4,17,1.4,2.8436,M,8.323,M,02,0004*64
$GPHPD,0,0.000,310.28,0.16,-12.14,31.5935826,120.7800340,2.844,13629925.074,24926311.147,2.844,0.000,0.000,0.000,0.000,0.000,0.000,0.000,17,17,4*5E
$GPGGA,080807.40,3135.6149892,N,12046.8019967,E,4,17,1.4,2.8329,M,8.323,M,02,0004*63
$GPHPD,0,0.000,310.21,0.26,-12.06,31.5935832,120.7800333,2.833,13629924.547,24926310.442,2.833,0.000,0.000,0.000,0.000,0.000,0.000,0.000,17,17,4*53
$GPGGA,080807.60,3135.6150135,N,12046.8019626,E,4,17,1.4,2.8322,M,8.323,M,02,0004*6C
$GPHPD,0,0.000,310.25,0.26,-11.98,31.5935836,120.7800327,2.832,13629924.133,24926309.889,2.832,0.000,0.000,0.000,0.000,0.000,0.000,0.000,17,17,4*56
$GPGGA,080807.80,3135.6150309,N,12046.8019418,E,4,17,1.4,2.8369,M,8.323,M,00,0004*6D
$GPHPD,0,0.000,310.42,0.21,-11.91,31.5935838,120.7800324,2.837,13629923.844,24926309.537,2.837,0.000,0.000,0.000,0.000,0.000,0.000,0.000,17,17,4*52
$GPGGA,080808.00,3135.6150406,N,12046.8019300,E,4,17,1.4,2.8409,M,8.323,M,01,0004*6C
$GPHPD,0,0.000,310.32,0.16,-11.84,31.5935840,120.7800322,2.841,13629923.682,24926309.338,2.841,0.000,0.000,0.000,0.000,0.000,0.000,0.000,17,17,4*51
$GPGGA,080808.20,3135.6150426,N,12046.8019262,E,4,17,1.4,2.8434,M,8.323,M,01,0004*67
$GPHPD,0,0.000,310.07,0.19,-11.80,31.5935840,120.7800321,2.843,13629923.646,24926309.280,2.843,0.000,0.000,0.000,0.000,0.000,0.000,0.000,17,17,4*55
$GPGGA,080808.40,3135.6150418,N,12046.8019301,E,4,17,1.4,2.8400,M,8.323,M,01,0004*6F
$GPHPD,0,0.000,310.34,-0.27,-11.85,31.5935840,120.7800322,2.840,13629923.665,24926309.332,2.840,0.000,0.000,0.000,0.000,0.000,0.000,0.000,17,17,4*7A
$GPGGA,080808.60,3135.6150433,N,12046.8019257,E,4,17,1.4,2.8430,M,8.323,M,00,0004*64
$GPHPD,0,0.000,310.12,0.16,-11.92,31.5935841,120.7800321,2.843,13629923.635,24926309.270,2.843,0.000,0.000,0.000,0.000,0.000,0.000,0.000,17,17,4*57
$GPGGA,080808.80,3135.6150427,N,12046.8019309,E,4,17,1.4,2.8414,M,8.323,M,00,0004*63
$GPHPD,0,0.000,310.29,-0.12,-11.97,31.5935840,120.7800322,2.841,13629923.654,24926309.337,2.841,0.000,0.000,0.000,0.000,0.000,0.000,0.000,17,17,4*74
$GPGGA,080809.00,3135.6150430,N,12046.8019300,E,4,17,1.4,2.8503,M,8.323,M,01,0004*63
$GPHPD,0,0.000,310.04,-0.11,-12.03,31.5935841,120.7800322,2.850,13629923.648,24926309.324,2.850,0.000,0.000,0.000,0.000,0.000,0.000,0.000,17,17,4*78
$GPGGA,080809.20,3135.6150424,N,12046.8019267,E,4,17,1.4,2.8428,M,8.323,M,01,0004*6C
$GPHPD,0,0.000,310.21,0.17,-12.07,31.5935840,120.7800321,2.843,13629923.650,24926309.288,2.843,0.000,0.000,0.000,0.000,0.000,0.000,0.000,17,17,4*5C
$GPGGA,080809.40,3135.6150417,N,12046.8019282,E,4,17,1.4,2.8465,M,8.323,M,01,0004*68
$GPHPD,0,0.000,310.36,0.32,-12.09,31.5935840,120.7800321,2.847,13629923.663,24926309.310,2.847,0.000,0.000,0.000,0.000,0.000,0.000,0.000,17,17,4*53
$GPGGA,080809.60,3135.6150415,N,12046.8019282,E,4,17,1.4,2.8447,M,8.323,M,00,0004*69
$GPHPD,0,0.000,310.26,0.32,-12.12,31.5935840,120.7800321,2.845,13629923.666,24926309.311,2.845,0.000,0.000,0.000,0.000,0.000,0.000,0.000,17,17,4*5C
$GPGGA,080809.80,3135.6150407,N,12046.8019266,E,4,17,1.4,2.8404,M,8.323,M,00,0004*69
$GPHPD,0,0.000,310.37,0.24,-12.15,31.5935840,120.7800321,2.840,13629923.674,24926309.296,2.840,0.000,0.000,0.000,0.000,0.000,0.000,0.000,17,17,4*51
$GPGGA,080810.00,3135.6150437,N,12046.8019258,E,4,17,1.4,2.8293,M,8.323,M,01,0004*6E
$GPHPD,0,0.000,310.43,0.30,-12.19,31.5935841,120.7800321,2.829,13629923.630,24926309.269,2.829,0.000,0.000,0.000,0.000,0.000,0.000,0.000,17,17,4*5A
$GPGGA,080810.20,3135.6150407,N,12046.8019270,E,4,17,1.4,2.8343,M,8.323,M,01,0004*69
$GPHPD,0,0.000,310.16,0.19,-12.21,31.5935840,120.7800321,2.834,13629923.675,24926309.301,2.834,0.000,0.000,0.000,0.000,0.000,0.000,0.000,17,17,4*55
$GPGGA,080810.40,3135.6150413,N,12046.8019254,E,4,17,1.4,2.8379,M,8.323,M,01,0004*65
$GPHPD,0,0.000,310.30,-0.14,-12.24,31.5935840,120.7800321,2.838,13629923.663,24926309.278,2.838,0.000,0.000,0.000,0.000,0.000,0.000,0.000,17,17,4*7C
$GPGGA,080810.60,3135.6150407,N,12046.8019254,E,4,17,1.4,2.8377,M,8.323,M,00,0004*6D
$GPHPD,0,0.000,310.37,-0.39,-12.27,31.5935840,120.7800321,2.838,13629923.671,24926309.282,2.838,0.000,0.000,0.000,0.000,0.000,0.000,0.000,17,17,4*71
$GPGGA,080810.80,3135.6150416,N,12046.8019252,E,4,17,1.4,2.8335,M,8.323,M,00,0004*63
$GPHPD,0,0.000,310.11,0.22,-12.30,31.5935840,120.7800321,2.834,13629923.658,24926309.274,2.834,0.000,0.000,0.000,0.000,0.000,0.000,0.000,17,17,4*56
$GPGGA,080811.00,3135.6150415,N,12046.8019247,E,4,17,1.4,2.8329,M,8.323,M,01,0004*61
$GPHPD,0,0.000,310.22,0.38,-12.33,31.5935840,120.7800321,2.833,13629923.659,24926309.269,2.833,0.000,0.000,0.000,0.000,0.000,0.000,0.000,17,17,4*53
$GPGGA,080811.20,3135.6150409,N,12046.8019249,E,4,17,1.4,2.8356,M,8.323,M,01,0004*68
$GPHPD,0,0.000,310.15,0.15,-12.37,31.5935840,120.7800321,2.836,13629923.668,24926309.275,2.836,0.000,0.000,0.000,0.000,0.000,0.000,0.000,17,17,4*53
$GPGGA,080811.40,3135.6150408,N,12046.8019267,E,4,17,1.4,2.8409,M,8.323,M,01,0004*6E
$GPHPD,0,0.000,310.29,0.17,-12.40,31.5935840,120.7800321,2.841,13629923.673,24926309.297,2.841,0.000,0.000,0.000,0.000,0.000,0.000,0.000,17,17,4*58
$GPGGA,080811.60,3135.6150418,N,12046.8019268,E,4,17,1.4,2.8397,M,8.323,M,00,0004*63
$GPHPD,0,0.000,310.06,-0.20,-12.43,31.5935840,120.7800321,2.840,13629923.659,24926309.292,2.840,0.000,0.000,0.000,0.000,0.000,0.000,0.000,17,17,4*72
$GPGGA,080811.80,3135.6150413,N,12046.8019251,E,4,17,1.4,2.8423,M,8.323,M,00,0004*64
$GPHPD,0,0.000,310.17,0.08,-12.46,31.5935840,120.7800321,2.842,13629923.662,24926309.275,2.842,0.000,0.000,0.000,0.000,0.000,0.000,0.000,17,17,4*51
$GPGGA,080812.00,3135.6150408,N,12046.8019255,E,4,17,1.4,2.8417,M,8.323,M,01,0004*67
$GPHPD,0,0.000,310.12,-0.15,-12.50,31.5935840,120.7800321,2.842,13629923.670,24926309.282,2.842,0.000,0.000,0.000,0.000,0.000,0.000,0.000,17,17,4*79
$GPGGA,080812.20,3135.6150408,N,12046.8019251,E,4,17,1.4,2.8377,M,8.323,M,01,0004*60
$GPHPD,0,0.000,310.30,-0.31,-12.52,31.5935840,120.7800321,2.838,13629923.669,24926309.278,2.838,0.000,0.000,0.000,0.000,0.000,0.000,0.000,17,17,4*70
$GPGGA,080812.40,3135.6150398,N,12046.8019247,E,4,17,1.4,2.8397,M,8.323,M,01,0004*61
$GPHPD,0,0.000,310.15,0.23,-12.54,31.5935840,120.7800321,2.840,13629923.683,24926309.279,2.840,0.000,0.000,0.000,0.000,0.000,0.000,0.000,17,17,4*5A
$GPGGA,080812.60,3135.6150418,N,12046.8019268,E,4,17,1.4,2.8436,M,8.323,M,00,0004*6C
$GPHPD,0,0.000,310.23,-0.11,-12.56,31.5935840,120.7800321,2.844,13629923.659,24926309.292,2.844,0.000,0.000,0.000,0.000,0.000,0.000,0.000,17,17,4*73
$GPGGA,080812.80,3135.6150387,N,12046.8019252,E,4,17,1.4,2.8432,M,8.323,M,00,0004*6E
$GPHPD,0,0.000,310.06,0.15,-12.59,31.5935840,120.7800321,2.843,13629923.699,24926309.291,2.843,0.000,0.000,0.000,0.000,0.000,0.000,0.000,17,17,4*5D
$GPGGA,080813.00,3135.6150393,N,12046.8019252,E,4,17,1.4,2.8420,M,8.323,M,01,0004*60
$GPHPD,0,0.000,310.40,-0.16,-12.62,31.5935840,120.7800321,2.842,13629923.691,24926309.288,2.842,0.000,0.000,0.000,0.000,0.000,0.000,0.000,17,17,4*79
$GPGGA,080813.20,3135.6150385,N,12046.8019248,E,4,17,1.4,2.8466,M,8.323,M,01,0004*6C
$GPHPD,0,0.000,310.16,-0.09,-12.63,31.5935840,120.7800321,2.847,13629923.701,24926309.287,2.847,0.000,0.000,0.000,0.000,0.000,0.000,0.000,17,17,4*72
$GPGGA,080813.40,3135.6150390,N,12046.8019247,E,4,17,1.4,2.8454,M,8.323,M,01,0004*60
$GPHPD,0,0.000,310.39,-0.41,-12.64,31.5935840,120.7800321,2.845,13629923.694,24926309.283,2.845,0.000,0.000,0.000,0.000,0.000,0.000,0.000,17,17,4*7D
$GPGGA,080813.60,3135.6150400,N,12046.8019261,E,4,17,1.4,2.8454,M,8.323,M,00,0004*69
$GPHPD,0,0.000,310.28,-0.22,-12.66,31.5935840,120.7800321,2.845,13629923.683,24926309.294,2.845,0.000,0.000,0.000,0.000,0.000,0.000,0.000,17,17,4*7A
$GPGGA,080813.80,3135.6150397,N,12046.8019261,E,4,17,1.4,2.8437,M,8.323,M,00,0004*6B
$GPHPD,0,0.000,310.17,-0.17,-12.67,31.5935840,120.7800321,2.844,13629923.687,24926309.296,2.844,0.000,0.000,0.000,0.000,0.000,0.000,0.000,17,17,4*77
$GPGGA,080814.00,3135.6150413,N,12046.8019257,E,4,17,1.4,2.8443,M,8.323,M,01,0004*68
$GPHPD,0,0.000,310.23,-0.23,-12.68,31.5935840,120.7800321,2.844,13629923.663,24926309.282,2.844,0.000,0.000,0.000,0.000,0.000,0.000,0.000,17,17,4*77
$GPGGA,080814.20,3135.6150400,N,12046.8019265,E,4,17,1.4,2.8391,M,8.323,M,01,0004*61
$GPHPD,0,0.000,310.14,-0.02,-12.69,31.5935840,120.7800321,2.839,13629923.684,24926309.299,2.839,0.000,0.000,0.000,0.000,0.000,0.000,0.000,17,17,4*72
$GPGGA,080814.40,3135.6150401,N,12046.8019255,E,4,17,1.4,2.8402,M,8.323,M,01,0004*68
$GPHPD,0,0.000,310.14,0.01,-12.70,31.5935840,120.7800321,2.840,13629923.680,24926309.287,2.840,0.000,0.000,0.000,0.000,0.000,0.000,0.000,17,17,4*5F
$GPGGA,080814.60,3135.6150402,N,12046.8019255,E,4,17,1.4,2.8417,M,8.323,M,00,0004*6C
$GPHPD,0,0.000,310.27,-0.20,-12.73,31.5935840,120.7800321,2.842,13629923.679,24926309.286,2.842,0.000,0.000,0.000,0.000,0.000,0.000,0.000,17,17,4*75
$GPGGA,080814.80,3135.6150424,N,12046.8019247,E,4,17,1.4,2.8287,M,8.323,M,00,0004*6A
$GPHPD,0,0.000,310.21,-0.04,-12.74,31.5935840,120.7800321,2.829,13629923.646,24926309.264,2.829,0.000,0.000,0.000,0.000,0.000,0.000,0.000,17,17,4*72
$GPGGA,080815.00,3135.6150419,N,12046.8019249,E,4,17,1.4,2.8356,M,8.323,M,01,0004*6F
$GPHPD,0,0.000,310.13,0.52,-12.76,31.5935840,120.7800321,2.836,13629923.653,24926309.269,2.836,0.000,0.000,0.000,0.000,0.000,0.000,0.000,17,17,4*56
$GPGGA,080815.20,3135.6150423,N,12046.8019245,E,4,17,1.4,2.8338,M,8.323,M,01,0004*60
$GPHPD,0,0.000,310.17,0.00,-12.78,31.5935840,120.7800321,2.834,13629923.647,24926309.262,2.834,0.000,0.000,0.000,0.000,0.000,0.000,0.000,17,17,4*55
$GPGGA,080815.40,3135.6150424,N,12046.8019247,E,4,17,1.4,2.8299,M,8.323,M,01,0004*69
$GPHPD,0,0.000,310.13,0.16,-12.79,31.5935840,120.7800321,2.830,13629923.646,24926309.264,2.830,0.000,0.000,0.000,0.000,0.000,0.000,0.000,17,17,4*50
$GPGGA,080815.60,3135.6150419,N,12046.8019251,E,4,17,1.4,2.8375,M,8.323,M,00,0004*60
$GPHPD,0,0.000,310.09,0.28,-12.81,31.5935840,120.7800321,2.838,13629923.654,24926309.271,2.838,0.000,0.000,0.000,0.000,0.000,0.000,0.000,17,17,4*56
$GPGGA,080815.80,3135.6150409,N,12046.8019247,E,4,17,1.4,2.8425,M,8.323,M,00,0004*6A
$GPHPD,0,0.000,310.18,-0.01,-12.82,31.5935840,120.7800321,2.843,13629923.667,24926309.272,2.843,0.000,0.000,0.000,0.000,0.000,0.000,0.000,17,17,4*70
$GPGGA,080816.00,3135.6150421,N,12046.8019241,E,4,17,1.4,2.8351,M,8.323,M,01,0004*68
$GPHPD,0,0.000,310.18,-0.03,-12.82,31.5935840,120.7800321,2.835,13629923.649,24926309.258,2.835,0.000,0.000,0.000,0.000,0.000,0.000,0.000,17,17,4*76
$GPGGA,080816.20,3135.6150411,N,12046.8019252,E,4,17,1.4,2.8415,M,8.323,M,01,0004*6C
$GPHPD,0,0.000,310.25,0.17,-12.83,31.5935840,120.7800321,2.842,13629923.665,24926309.277,2.842,0.000,0.000,0.000,0.000,0.000,0.000,0.000,17,17,4*52
$GPGGA,080816.40,3135.6150411,N,12046.8019234,E,4,17,1.4,2.8386,M,8.323,M,01,0004*67
$GPHPD,0,0.000,310.21,-0.21,-12.84,31.5935840,120.7800321,2.839,13629923.662,24926309.255,2.839,0.000,0.000,0.000,0.000,0.000,0.000,0.000,17,17,4*7E
$GPGGA,080816.60,3135.6150402,N,12046.8019240,E,4,17,1.4,2.8389,M,8.323,M,00,0004*6A
$GPHPD,0,0.000,310.23,-0.04,-12.84,31.5935840,120.7800321,2.839,13629923.676,24926309.268,2.839,0.000,0.000,0.000,0.000,0.000,0.000,0.000,17,17,4*70
$GPGGA,080816.80,3135.6150400,N,12046.8019253,E,4,17,1.4,2.8395,M,8.323,M,00,0004*69
$GPHPD,0,0.000,310.25,0.03,-12.85,31.5935840,120.7800321,2.840,13629923.681,24926309.285,2.840,0.000,0.000,0.000,0.000,0.000,0.000,0.000,17,17,4*56
$GPGGA,080817.00,3135.6150393,N,12046.8019256,E,4,17,1.4,2.8410,M,8.323,M,01,0004*63
$GPHPD,0,0.000,310.30,-0.09,-12.86,31.5935840,120.7800321,2.841,13629923.692,24926309.292,2.841,0.000,0.000,0.000,0.000,0.000,0.000,0.000,17,17,4*72
$GPGGA,080817.20,3135.6150387,N,12046.8019252,E,4,17,1.4,2.8391,M,8.323,M,01,0004*6E
$GPHPD,0,0.000,310.24,-0.04,-12.87,31.5935840,120.7800321,2.839,13629923.699,24926309.291,2.839,0.000,0.000,0.000,0.000,0.000,0.000,0.000,17,17,4*73
$GPGGA,080817.40,3135.6150401,N,12046.8019258,E,4,17,1.4,2.8393,M,8.323,M,01,0004*69
$GPHPD,0,0.000,310.33,0.24,-12.87,31.5935840,120.7800321,2.839,13629923.681,24926309.290,2.839,0.000,0.000,0.000,0.000,0.000,0.000,0.000,17,17,4*52
$GPGGA,080817.60,3135.6150424,N,12046.8019247,E,4,17,1.4,2.8378,M,8.323,M,00,0004*66
$GPHPD,0,0.000,310.19,-0.03,-12.88,31.5935840,120.7800321,2.838,13629923.646,24926309.264,2.838,0.000,0.000,0.000,0.000,0.000,0.000,0.000,17,17,4*7D
$GPGGA,080817.80,3135.6150403,N,12046.8019252,E,4,17,1.4,2.8324,M,8.323,M,00,0004*60
$GPHPD,0,0.000,310.19,0.14,-12.89,31.5935840,120.7800321,2.832,13629923.677,24926309.282,2.832,0.000,0.000,0.000,0.000,0.000,0.000,0.000,17,17,4*5D
$GPGGA,080818.00,3135.6150417,N,12046.8019234,E,4,17,1.4,2.8302,M,8.323,M,01,0004*67
$GPHPD,0,0.000,310.21,0.29,-12.91,31.5935840,120.7800321,2.830,13629923.653,24926309.252,2.830,0.000,0.000,0.000,0.000,0.000,0.000,0.000,17,17,4*5A
$GPGGA,080818.20,3135.6150417,N,12046.8019242,E,4,17,1.4,2.8332,M,8.323,M,01,0004*67
$GPHPD,0,0.000,310.25,0.54,-12.92,31.5935840,120.7800321,2.833,13629923.655,24926309.262,2.833,0.000,0.000,0.000,0.000,0.000,0.000,0.000,17,17,4*52
$GPGGA,080818.40,3135.6150411,N,12046.8019234,E,4,17,1.4,2.8308,M,8.323,M,01,0004*6F
$GPHPD,0,0.000,310.17,0.17,-12.93,31.5935840,120.7800321,2.831,13629923.662,24926309.255,2.831,0.000,0.000,0.000,0.000,0.000,0.000,0.000,17,17,4*55
$GPGGA,080818.60,3135.6150424,N,12046.8019234,E,4,17,1.4,2.8294,M,8.323,M,00,0004*6E
$GPHPD,0,0.000,310.29,0.36,-12.94,31.5935840,120.7800321,2.829,13629923.643,24926309.248,2.829,0.000,0.000,0.000,0.000,0.000,0.000,0.000,17,17,4*53
$GPGGA,080818.80,3135.6150409,N,12046.8019247,E,4,17,1.4,2.8332,M,8.323,M,00,0004*66
$GPHPD,0,0.000,310.03,0.40,-12.94,31.5935840,120.7800321,2.833,13629923.667,24926309.272,2.833,0.000,0.000,0.000,0.000,0.000,0.000,0.000,17,17,4*55
$GPGGA,080819.00,3135.6150406,N,12046.8019250,E,4,17,1.4,2.8351,M,8.323,M,01,0004*62
$GPHPD,0,0.000,310.23,0.22,-12.96,31.5935840,120.7800321,2.835,13629923.672,24926309.278,2.835,0.000,0.000,0.000,0.000,0.000,0.000,0.000,17,17,4*5F
$GPGGA,080819.20,3135.6150414,N,12046.8019239,E,4,17,1.4,2.8347,M,8.323,M,01,0004*6B
$GPHPD,0,0.000,310.23,0.13,-12.97,31.5935840,120.7800321,2.835,13629923.658,24926309.260,2.835,0.000,0.000,0.000,0.000,0.000,0.000,0.000,17,17,4*5D
$GPGGA,080819.40,3135.6150391,N,12046.8019239,E,4,17,1.4,2.8364,M,8.323,M,01,0004*66
$GPHPD,0,0.000,310.17,0.25,-12.98,31.5935840,120.7800321,2.836,13629923.691,24926309.273,2.836,0.000,0.000,0.000,0.000,0.000,0.000,0.000,17,17,4*57
$G